Sample File	C:\Users\ARG\Desktop\Kevin\20221215_SMPS_Cal.S80
Classifier Model	3071
DMA Model	3081
DMA Inner Radius(cm)	0.00937
DMA Outer Radius(cm)	0.01961
DMA Characteristic Length(cm)	0.44369
CPC Model	3775 Low Flow
Reference Gas Viscosity (Pa*s)	1.83245e-005
Reference Mean Free Path (m)	6.73e-008
Reference Gas Temperature (K)	296.15
Reference Gas Pressure (kPa)	101.3
Channels/Decade	64
Multiple Charge Correction	FALSE
Nanoparticle Aggregate Mobility Analysis	FALSE
Diffusion Correction	FALSE
Units	dw/dlogDp
Weight	Number
Sample #	Date	Start Time	Sample Temp (C)	Sample Pressure (kPa)	Mean Free Path (m)	Gas Viscosity (Pa*s)	Diameter Midpoint	 14.6	 15.1	 15.7	 16.3	 16.8	 17.5	 18.1	 18.8	 19.5	 20.2	 20.9	 21.7	 22.5	 23.3	 24.1	 25.0	 25.9	 26.9	 27.9	 28.9	 30.0	 31.1	 32.2	 33.4	 34.6	 35.9	 37.2	 38.5	 40.0	 41.4	 42.9	 44.5	 46.1	 47.8	 49.6	 51.4	 53.3	 55.2	 57.3	 59.4	 61.5	 63.8	 66.1	 68.5	 71.0	 73.7	 76.4	 79.1	 82.0	 85.1	 88.2	 91.4	 94.7	 98.2	101.8	105.5	109.4	113.4	117.6	121.9	126.3	131.0	135.8	140.7	145.9	151.2	156.8	162.5	168.5	174.7	181.1	187.7	194.6	201.7	209.1	216.7	224.7	232.9	241.4	250.3	259.5	269.0	278.8	289.0	299.6	310.6	322.0	333.8	346.0	358.7	371.8	385.4	399.5	414.2	429.4	445.1	461.4	478.3	495.8	514.0	532.8	552.3	572.5	593.5	615.3	637.8	661.2	Scan Up Time(s)	Retrace Time(s)	Down Scan First	Scans Per Sample	Impactor Type(cm)	Sheath Flow(lpm)	Aerosol Flow(lpm)	CPC Inlet Flow(lpm)	CPC Sample Flow(lpm)	Low Voltage	High Voltage	Lower Size(nm)	Upper Size(nm)	Density(g/cc)	Title	Status Flag	td(s)	tf(s)	D50(nm)	Median(nm)	Mean(nm)	Geo. Mean(nm)	Mode(nm)	Geo. Std. Dev.	Total Conc.(#/cm3)	Comment
1	12/15/22	13:26:04						5698.36	4153.7	3153.98	2669.58	1285.24	995.759	491.522	228.854	329.352	267.669	255.043	82.7857	67.5334	19.1579	68.1296	145.329	52.3425	17.7823	132.563	0	62.4406	0	178.453	0	40.2511	165.868	107.535	117.078	51.0244	149.034	146.139	47.4837	0	136.422	133.988	351.038	43.1235	254.355	41.6858	123.006	80.6794	79.3967	156.307	154.686	114.242	164.636	266.429	165.994	256.419	187.501	256.793	203.162	284.207	106.06	105.547	245.09	553.238	282.988	147.392	337.952	34.659	167.104	255.969	254.678	253.338	42.7462	175.514	176.302	212.515	178.744	179.561	145.005	218.517	0	148.498	74.975	37.8579	114.708	116.465	156.88	118.879	161.028	122.058	248.111	84.0805	85.0188	101.101	73.1043	89.0153	0	46.139	0	47.5916	0	0	50.122	0	52.2089	0	0	0	0	0	0	0	0	0	120	15	FALSE	1	None	3	0.3	0.3	0.3	10.2268	9581.11	14.3301	673.17	0.9		Normal Scan	6.03333	7.52082	1000	16.4724	56.3536	30.8804	14.5902	2.6958	478.669	
2	12/15/22	13:28:29						0	0	0	109.569	0	0	0	0	0	0	85.6014	82.7857	0	0	0	0	0	0	0	0	62.4406	0	59.4842	38.1439	19.0825	109.466	53.5648	52.0837	0	0	97.4257	94.9673	105.53	124.391	44.6627	87.7595	0	84.7852	41.6858	0	161.359	39.6983	78.1536	0	76.1616	113.086	74.6342	221.677	73.1649	36.2255	36.0469	227.747	199.673	70.7068	211.095	140.052	104.534	104.516	104.016	133.162	74.8166	97.7995	110.093	69.5983	69.9079	69.8937	107.283	68.5376	36.9009	177.249	35.9122	36.2514	109.258	110.305	148.498	135.417	126.729	116.245	77.6436	78.4398	0	0	122.058	124.056	42.0402	42.5094	0	0	0	0	0	47.0012	47.5916	0	0	0	0	0	0	0	0	0	56.952	0	0	0	0	120	15	FALSE	1	None	3	0.3	0.3	0.3	10.2268	9581.11	14.3301	673.17	0.9		Normal Scan	6.03333	7.52082	1000	103.267	129.377	101.181	91.3982	2.07827	92.1582	
3	12/15/22	13:30:58						245.178	0	113.691	0	0	0	196.609	0	0	177.23	342.406	165.571	80.1489	232.785	149.652	145.329	211.873	269.744	269.984	403.392	359.251	151.914	327.557	288.323	909.936	977.411	736.63	895.391	1109.85	587.108	1192.82	790.914	1171.4	881.138	1443.94	1421.64	1159.58	1581.57	1651.04	1514.58	1854.11	1779.96	2352.77	1707.23	1845.35	2060.5	1982.96	1817.95	1858.15	2300.31	1896.36	2766.46	1461.29	2243.35	2903.89	2198.64	2022.87	2555.34	2185.19	2329.61	2321.68	1748.26	2515.91	2189.25	2339.57	2572.43	2518.03	2282.13	1810.65	2049.14	2087.03	1925.04	2029.46	1714.76	2167.08	1420.18	1451.84	1981.33	1323.38	1174	1399.59	1242.16	1143.54	1113.9	1485.8	837.186	1013.62	590.871	872.134	255.332	605.806	671.577	265.631	427.611	644.869	408.424	102.288	309.521	480.26	54.0849	190.405	85.2003	113.904	173.483	58.7313	60.1451	122.248	120	15	FALSE	1	None	3	0.3	0.3	0.3	10.2268	9581.11	14.3301	673.17	0.9		Normal Scan	6.03333	7.52082	1000	114.779	141.96	113.266	101.815	1.98376	1853.55	
4	12/15/22	13:35:05						0	0	113.691	0	0	0	0	0	91.7369	0	0	0	147.682	89.8086	0	0	70.6242	137.39	0	129.157	0	0	0	0	56.3702	0	0	0	102.049	0	48.7129	189.935	46.6006	0	0	87.7595	43.1235	42.3926	183.67	188.36	40.3397	198.492	156.307	116.014	152.323	113.086	111.951	73.8925	109.747	108.677	180.234	178.499	156.131	127.455	35.1824	143.425	136.023	0	173.359	69.331	34.659	103.957	145.876	201.469	349.54	139.787	70.2058	38.2978	140.107	105.751	62.0592	82.3602	72.8389	0	111.373	172.904	52.5346	76.4718	38.8218	78.4398	198.132	40.2571	122.058	94.5424	198.165	42.5094	86.476	131.977	121.468	309.422	158.793	113.674	153.614	202.217	252.816	254.334	0	52.2089	52.9417	108.17	54.8726	111.368	56.952	57.8277	117.463	120.29	122.248	120	15	FALSE	1	None	3	0.3	0.3	0.3	10.2268	9581.11	14.3301	673.17	0.9		Normal Scan	6.03333	7.52082	1000	145.508	211.042	144.166	145.902	2.5566	149.403	
5	12/15/22	13:45:10						0	0	0	0	0	0	0	0	0	0	0	0	0	0	0	0	0	0	0	0	0	0	0	0	0	0	0	0	51.0244	0	0	0	46.6006	0	0	43.8798	0	0	0	41.0018	40.3397	39.6983	39.0768	0	0	0	0	73.8925	36.5825	72.451	36.0469	0	0	0	0	35.0129	0	34.8387	34.6719	34.6655	0	0	34.6456	0	0	34.9468	35.1029	0	0	0	35.9122	36.2514	0	73.537	0	37.4875	37.8579	0	0	0	0	0	0	0	0	0	0	0	0	45.3084	46.139	0	47.5916	0	0	0	0	52.2089	0	0	0	0	56.952	0	0	0	0	120	15	FALSE	1	None	3	0.3	0.3	0.3	10.2268	9581.11	14.3301	673.17	0.9		Normal Scan	6.03333	7.52082	1000	118.72	179.031	133.08	79.1476	2.13374	19.2769	
6	12/15/22	13:56:45						0	0	0	109.569	0	203.769	1401.93	13902.6	56600.7	133679	280979	379956	443243	503414	586240	664421	734952	806676	888735	957645	986051	1.01445e+006	1.04684e+006	1.0746e+006	1.06177e+006	1.04818e+006	1.03345e+006	988459	930878	863541	805424	757070	711017	655698	611441	568049	527923	493677	453203	407950	379776	331391	302487	265017	232202	209423	175630	152021	126648	101569	83135.4	68347.6	55681.4	44467.8	35918.9	28495.3	21042.3	17417.8	12819.1	12057.1	9558.5	6978.1	6327.87	4722.93	4594.5	3262.22	3011.12	2784.89	2155.69	2447.91	2111.09	1991.62	1471.22	1610.45	1338.92	1398.58	1316.61	988.554	782.641	893.695	1026.78	1173	1126.74	1106.68	885.202	702.366	963.814	605.102	605.088	527.183	461.39	462.355	609.611	523.823	666.865	755.554	255.719	671.25	421.829	622.953	365.295	290.774	386.03	404.794	352.388	240.58	366.745	120	15	FALSE	1	None	3	0.3	0.3	0.3	10.2268	9581.11	14.3301	673.17	0.9		Normal Scan	6.03333	7.52082	1000	36.4344	40.7507	37.9897	33.3762	1.42686	394120	
7	12/15/22	14:09:14						0	0	0	0	0	0	294.913	3898.31	15858	51109	113068	168502	194316	225520	256798	298192	339693	372437	410346	456204	485991	513153	525056	527298	526245	512536	487982	463191	432444	403684	379043	345064	327402	307059	298434	290176	275900	259967	237193	230823	216494	201740	185866	168618	151850	132955	119511	106192	89613.8	77537.7	67331.9	52701	43948.8	36839.1	29276.4	23840.3	19054.4	14197.7	12192.8	9931.46	6512.81	6354.89	4102.12	3847.17	2510.28	2021.52	1830.95	1832.61	1489	1169.7	1305.01	857.212	855.947	1033.45	658.902	930.124	681.442	735.318	706.381	457.567	479.106	337.324	421.456	564.486	736.037	556.492	554.677	869.706	232.8	226.542	605.806	228.895	299.474	276.87	346.263	150.366	408.176	153.889	215.552	414.908	427.924	41.8693	215.174	439.016	258.899	60.1451	183.372	120	15	FALSE	1	None	3	0.3	0.3	0.3	10.2268	9581.11	14.3301	673.17	0.9		Normal Scan	6.03333	7.52082	1000	37.2789	42.7053	39.4719	33.3762	1.45702	196003	
8	12/15/22	14:23:30						0	0	0	0	0	0	589.826	4373.15	17989.2	53304	115478	153765	179507	211837	238824	287118	320326	358654	401628	442974	469341	496833	502306	511689	509598	498127	467880	441900	419583	394837	363632	336685	310506	288786	271991	246156	227264	214131	187229	170674	150202	131564	111920	97165.2	85735.4	69961.5	62072.2	49870.6	41668.6	32852.5	27489.5	21106.3	18577	16177.5	12716.3	11132.1	8835.98	8130.35	7331.87	6466.41	5781.61	5189.21	5061.02	4955.44	4325.56	5217.16	4577.42	3557.83	2862.32	3944.46	3319.76	3513.58	2513.62	2450.91	2399.26	2751.25	2037.51	2249.17	1719.69	2106.41	1864.24	1619.28	1835.21	1746.02	1598.19	1283.02	1672.09	1430.82	777.153	1203.32	1099.57	980.706	905.999	880.556	917.871	549.391	921.606	620.036	783.146	505.715	600.3	504.506	227.808	796.6	390.566	322.82	257.162	120	15	FALSE	1	None	3	0.3	0.3	0.3	10.2268	9581.11	14.3301	673.17	0.9		Normal Scan	6.03333	7.52082	1000	36.0502	41.1284	37.8802	33.3762	1.44059	174739	
9	12/15/22	14:33:09						0	0	0	0	0	0	606.94	2837.14	10575.2	38788.8	78570.8	109937	125950	144058	169672	190941	218526	247171	270167	307899	334441	349180	374394	379194	387182	383157	369450	352556	331073	307863	276905	255938	241539	219864	204343	182546	163778	149304	135066	122034	107325	92817	79849.9	70750	58923.9	48066.1	39837.1	32790.6	26078.3	20697.8	16152.3	13165.4	11378.6	7880.15	7463.01	6483.59	5410.49	4530.02	3838.49	3800.24	2839.89	2681.94	2342.7	2777.08	1589.08	1905.15	1425.25	1479.08	1592.21	1584.86	1155.72	985.681	1297.02	1394.7	1032.52	765.641	693.075	717.829	843.725	553.788	540.393	578.866	383.952	425.358	786.729	382.585	447.005	293.067	400.569	498.393	369.112	180.347	198.12	418.627	406.699	207.936	153.432	257.312	56.727	216.339	164.618	222.737	284.76	115.655	71.2247	227.786	305.621	120	15	FALSE	1	None	3	0.3	0.3	0.3	10.2268	9581.11	14.3301	673.17	0.9		Normal Scan	6.03333	7.52082	1000	36.3288	40.2685	37.6834	34.5989	1.40261	127047	
10	12/15/22	14:45:52						0	0	0	0	0	0	98.3043	876.495	2654.31	9766	19939.7	28138.2	29944.2	39647.4	45751.7	54046.5	66329.9	70776.5	89493.6	94310.2	106895	120659	133590	144124	154756	166014	172023	176688	182792	177730	173034	170172	154222	144248	130007	111503	102574	89356.4	79191.7	67845.3	59741.7	52113.6	46521.7	36443.6	33071.4	27042.9	23342.9	18798.6	14710.5	11778.6	10164.2	8380.69	4829.13	4469.74	3491.7	2997.19	2264.93	1748.53	1601.07	1396.85	918.828	1001.74	899.197	996.544	689.248	457.166	673.894	565.22	424.942	390.247	248.237	293.189	303.486	491.04	352.698	217.862	225.626	307.424	210.669	122.369	120.673	298.228	222.183	140.513	91.7054	83.308	129.714	263.955	44.5077	125.921	10.1878	19.6719	122.856	48.5105	95.2567	103.968	51.1439	52.2089	0	54.0849	0	55.6842	56.952	57.8277	58.7313	0	0	120	15	FALSE	1	None	3	0.3	0.3	0.3	10.2268	9581.11	14.3301	673.17	0.9		Normal Scan	6.03333	7.52082	1000	40.1652	42.9855	40.6794	39.9542	1.37436	57596.9	
11	12/15/22	14:53:50						0	0	0	0	0	0	98.3043	306.694	2012.16	5318.83	11243.9	15109.8	14752	21743.3	23501.2	27462.4	31747.8	38834.6	42098.8	53109.1	60070	65446.4	75963.8	83849.6	93261.6	96829.2	107850	106323	105580	110777	102467	98435.3	90666.6	80692	69190.3	53485.5	47440.9	39076	30730.4	24591.3	21953.4	17767.5	14901.8	12256.4	10268.5	7559.71	7584.57	5812.52	4652.24	4122.3	2795.32	2661.87	1880.68	1558.62	1229.89	1193.15	1159.97	933.879	643.558	765.699	642.029	466.309	421.904	556.786	306.785	322.321	388.106	324.472	415.876	316.21	211.263	207.705	351.571	278.593	308.579	112.462	113.574	247.088	231.547	122.369	57.5917	120.771	18.752	240.891	72.0447	85.0188	101.101	112.025	49.6384	80.6125	16.1868	181.894	0	48.5105	148.398	0	102.288	48.476	56.727	90.3992	72.902	0	0	0	0	0	0	120	15	FALSE	1	None	3	0.3	0.3	0.3	10.2268	9581.11	14.3301	673.17	0.9		Normal Scan	6.03333	7.52082	1000	39.2888	41.5989	39.5503	41.4178	1.34711	30622.1	
12	12/15/22	15:21:14						0	0	0	0	0	0	0	0	91.7369	354.46	1310.35	1312.65	1632.17	1524.83	2998.62	2977.98	3846.87	3498.48	4594.65	5199.32	4647.58	7524.67	7628.18	7437.3	8557.65	8594.1	8454.48	9279.84	9650.74	10120.2	8815.61	8314.56	7772.55	7288.29	6472.83	5439.05	4683.44	5275.77	4578.47	4578.76	3146.94	3364.43	2898.5	2690.42	2753.33	2660.8	2938.96	1974.29	2508.35	2438.84	1389.86	1364.13	1657.32	1151.25	1580.39	1152.59	585.648	1002.92	709.505	673.608	382.924	453.643	429.198	393.875	366.001	244.628	245.72	211.562	112.184	280.009	107.737	108.754	109.258	0	74.2489	60.4418	88.8707	154.481	38.8218	39.2199	39.6264	22.6674	17.7771	0	84.0805	0	0	87.9849	0	0	0	0	0	48.5105	0	50.122	0	0	0	36.3144	18.0293	0	0	0	0	60.1451	0	120	15	FALSE	1	None	3	0.3	0.3	0.3	10.2268	9581.11	14.3301	673.17	0.9		Normal Scan	6.03333	7.52082	1000	41.8077	49.4357	44.6241	41.4178	1.51701	3397.89	
13	12/15/22	15:55:06						0	0	0	0	0	0	0	0	275.211	887.974	1618.06	2006.79	1910.46	2800.36	2935.61	4549.6	5422.02	6241.24	7661.09	8254.94	9824.4	10272.8	13695.9	14018	13562.2	14972.1	16051.1	16766	18442.4	15694.7	15087.1	14868.6	15753.4	13841.6	13075.3	13066.4	11273.8	9465.48	9575.6	8388.93	7904.46	7651.38	6497.17	6801.14	6462.39	5056.38	5253.64	5172.09	3930.27	3674.55	3496.22	3586.41	3439.98	3242.34	2412.16	2158.08	1984.66	1963.08	1543.69	1190.39	944.638	907.638	808.71	676.026	654.294	217.48	633.826	350.62	215.478	211.502	133.884	154.863	72.8389	234.435	171.664	74.975	113.574	76.4718	38.8218	0	79.2529	40.2571	81.3722	0	42.0402	0	101.101	68.033	94.1461	90.6169	46.139	0	0	48.5105	0	0	101.313	0.995024	0	0	0	0	0	0	0	0	0	120	15	FALSE	1	None	3	0.3	0.3	0.3	10.2268	9581.11	14.3301	673.17	0.9		Normal Scan	6.03333	7.52082	1000	43.5815	50.7483	46.1718	39.9542	1.50425	6299.46	
14	12/15/22	17:03:43						122.589	0	113.691	109.569	105.587	203.769	98.3043	94.9669	550.422	1331.05	2645.28	3903.32	5263.24	5712.32	5954.19	7445.35	7576.33	8735.03	9650.8	13209	13743.1	16282.7	22181.4	23234.1	25012.1	27430.3	32345.9	29880.8	34305.2	37961.7	37400.7	36392.2	33601.4	31864.3	30458.9	25943.4	25667.6	24454.4	20859.7	19774.2	16545	17721.3	16008.3	15708.1	16181.2	13650.3	13407.6	13447.7	12643.5	12065.1	12100.4	10171.3	9347.28	7667.12	6830.39	7575.07	6732.16	5479.03	4848.65	3830.31	3158.52	3217.02	3321.9	3255.11	2874.57	1981.19	1840.24	1181.82	1329.1	922.446	785.858	263.617	740.519	1084.04	2178.89	2655.63	3978.46	3092.28	2993.22	2208.89	1118.51	1070.98	602.952	752.186	609.916	440.703	283.309	263.955	238.765	119.407	92.2781	160.675	122.856	176.075	117.253	100.244	0	104.418	105.883	0	54.8726	0	113.904	0	58.7313	107.828	73.7896	120	15	FALSE	1	None	3	0.3	0.3	0.3	10.2268	9581.11	14.3301	673.17	0.9		Normal Scan	6.03333	7.52082	1000	47.2087	60.2051	51.9513	41.4178	1.63844	13961.4	
15	12/15/22	17:12:57						0	0	0	0	0	0	0	0	91.7369	620.306	2137.83	3954.76	3950.68	5315.25	5567.52	5849.44	7698.37	9332.91	11452.7	14125.5	14568.8	17535.3	19506.2	23693.4	25521.4	30260.7	34162.5	34853.9	40887.6	40178.2	40999.7	42158.5	43046.1	42197.5	38472	36842.5	33447.5	30305.7	29131.4	25603.9	22095.8	23902.8	20946	19628.9	19358.4	19182.9	18726.8	17059.4	16679	15370.7	14606.6	13834.7	12583.2	10807	10237.8	9314	8470.18	6549.38	5743.95	4932.16	3981.02	4135.44	3839.01	3108.45	3011.19	2890.46	2635.41	1820.32	1140.2	1103.95	495.783	502.222	529.14	365.171	822.149	2273.83	2441.87	3603.74	3187.69	2595.84	2188.02	1804.82	1379.34	1046.27	584.152	929.048	451.742	351.507	222.538	271.851	129.036	154.564	91.1281	145.531	0	150.366	255.719	0	105.883	54.0849	329.236	167.053	0	0	0	147.924	33.0402	120	15	FALSE	1	None	3	0.3	0.3	0.3	10.2268	9581.11	14.3301	673.17	0.9		Normal Scan	5	7.52082	1000	49.1601	61.4916	53.5619	46.1384	1.61307	16546.5	
16	12/15/22	17:22:51						0	0	0	0	0	0	0	0	0	88.6151	1025.02	1698.98	3128.28	4889.19	5567.52	5719.08	7346.48	8907.67	10112.3	13272.9	16208.1	18240.7	20478.2	22226.6	27582.6	30081.5	35363.1	37255.9	41898.3	42763.3	46601.8	50220.8	48020.6	46663.3	43913.1	43052	38518.2	36974.9	31035.4	30769.3	27088.8	25711.8	24216.5	22272.8	22275.1	19128	20341.9	18608	16970.1	15591.4	15421.4	14504.7	13910.8	13872.6	11661.8	10728.2	9042.69	8401.75	7037.92	6242.26	5243.56	4869.54	4018.3	3044.06	2806.49	3333.68	3114.66	2220.72	1829.5	1263.76	1228.4	1165.5	351.571	352.13	596.43	1006.86	1726.34	2607.71	3262.54	3138.15	2948.94	1383.53	1768.37	767.916	842.782	415.785	485.086	244.219	465.043	271.851	230.695	141.004	190.366	291.063	148.398	50.122	102.288	0	105.883	0	117.241	159.446	170.856	173.483	58.7313	60.1451	61.1242	120	15	FALSE	1	None	3	0.3	0.3	0.3	10.2268	9581.11	14.3301	673.17	0.9		Normal Scan	4	7.52082	1000	49.9391	61.8627	54.2934	44.5079	1.59229	17992	
17	12/15/22	17:26:31						56.2036	0	0	0	0	0	106.862	371.601	1207.58	1763.29	4775.19	5082.25	7549.21	8656.37	10864.8	11485.5	13019.7	15113.4	18054.8	21289.5	24764.6	27227.9	32105.6	34876.2	41189.5	39869.9	43418.1	47482.7	50484.2	49441.7	47301.5	47678.9	46908.1	43347.8	40476.6	39313.3	33960.7	28857.3	29180.2	27654.9	24663.5	21267.6	21927	21666.5	19012.4	17716	17812.1	15462.6	14823.6	15298.2	13474.4	12336.4	11336.2	10057.4	9160.57	7441.77	6926.57	6022.92	5086.76	4381.75	3893.53	3430.74	2982.5	2742.28	2420.17	2060.97	1840.19	1195.01	1021.05	852.443	704.269	649.508	427.494	968.074	1512.76	2259.03	2813.2	2800.61	2506.14	1375.86	1012.21	526.097	681.4	838.876	620.26	295.855	389.142	214.891	272.177	216.538	56.3268	47.0012	125.941	105.196	104.417	53.8462	153.432	0	158.825	216.339	245.277	29.5161	109.84	61.9541	0	60.1451	0	120	15	FALSE	1	None	3	0.3	0.3	0.3	10.2268	9581.11	14.3301	673.17	0.9		Normal Scan	6.03333	7.52082	1000	45.4185	55.581	48.9404	39.9542	1.5831	18997.8	
