Sample File	C:\Users\localadmin\Desktop\OQ_data\maier\20230516_iceparticles_test4\20230516_iceparticles_test4_2.A21
Sample Time	60
Density	1
Stokes Correction	off
Lower Channel Bound	0.486968
Upper Channel Bound	20.5353
Sample #	Date	Start Time	Aerodynamic Diameter	<0.523	0.542	0.583	0.626	0.673	0.723	0.777	0.835	0.898	0.965	1.037	1.114	1.197	1.286	1.382	1.486	1.596	1.715	1.843	1.981	2.129	2.288	2.458	2.642	2.839	3.051	3.278	3.523	3.786	4.068	4.371	4.698	5.048	5.425	5.829	6.264	6.732	7.234	7.774	8.354	8.977	9.647	10.37	11.14	11.97	12.86	13.82	14.86	15.96	17.15	18.43	19.81	Event 1	Event 3	Event 4	Dead Time	Inlet Pressure	Total Flow	Sheath Flow	Analog Input Voltage 0	Analog Input Voltage 1	Digital Input Level 0	Digital Input Level 1	Digital Input Level 2	Laser Power	Laser Current	Sheath Pump Voltage	Total Pump Voltage	Box Temperature	Avalanch Photo Diode Temperature	Avalanch Photo Diode Voltage	Status Flags	Median(µm)	Mean(µm)	Geo. Mean(µm)	Mode(µm)	Geo. Std. Dev.	Total Conc.
1	05/16/23	15:12:12	dN/dlogDp	10.2358	0.127997	0.127997	0.255995	0.287994	0.287994	0.159997	0.351993	0.159997	0.351993	0.255995	0.191996	0.159997	0.0959981	0.191996	0.287994	0.223996	0.191996	0.0639987	0.127997	0.0639987	0.0319994	0.0319994	0.0319994	0	0.0319994	0	0	0	0	0.0319994	0	0	0	0.0319994	0	0	0	0	0	0	0	0	0	0	0	0	0	0	0	0	0	1018	0	0	6	973.6	4.98	3.98	0	0	0	0	0	75	84.9	2.61	2.954	32.1	30.5	241	0000 0000 0000 0000	0.994332	1.19013	1.06454	0.835363	1.55687	2.68895(#/cmł)
2	05/16/23	15:19:04	dN/dlogDp	0.751985	0.447991	0.351993	0.447991	0.415992	0.351993	0.287994	0.607988	0.703986	0.703986	0.543989	0.703986	0.47999	0.447991	0.447991	0.223996	0.671987	0.383992	0.0959981	0.159997	0.223996	0.0319994	0.0319994	0.0319994	0	0.0319994	0.0319994	0	0	0	0	0	0	0	0	0	0	0	0	0	0	0	0	0	0	0	0	0	0	0	0	0	7	0	0	1	973.3	4.98	3.97	0	0	0	0	0	75	84.9	2.608	2.944	32.2	30.5	241	0000 0000 0000 0000	1.01602	1.11673	1.03583	0.897687	1.46694	0.464991(#/cmł)
3	05/16/23	15:20:39	dN/dlogDp	0.671987	0.351993	0.415992	0.415992	0.319994	0.319994	0.543989	0.575988	0.319994	0.543989	0.447991	0.47999	0.671987	0.543989	0.415992	0.47999	0.47999	0.415992	0.191996	0.0639987	0.159997	0.159997	0	0	0	0	0	0	0	0	0	0	0	0	0	0	0	0	0	0	0	0	0	0	0	0	0	0	0	0	0	0	14	0	0	1	973.5	4.98	3.97	0	0	0	0	0	75	84.9	2.61	2.953	32.2	30.5	241	0000 0000 0000 0000	1.05931	1.11968	1.04354	1.19709	1.45731	0.427991(#/cmł)
4	05/16/23	15:28:30	dN/dlogDp	1.37197	0	0	0	0	0	0	0	0.0319994	0	0	0	0	0	0	0	0	0	0	0	0	0	0	0	0	0	0	0	0	0	0	0	0	0	0	0	0	0	0	0	0	0	0	0	0	0	0	0	0	0	0	0	89	0	0	0	974	4.99	3.98	0	0	0	0	0	75	84.9	2.613	2.952	32.1	30.5	241	0000 0000 0000 0000	0.89885	0.897687	0.897687	0.897687	1	0.343993(#/cmł)
5	05/16/23	15:41:04	dN/dlogDp	1.59597	0.0319994	0	0	0	0.0319994	0	0	0	0.0639987	0	0.0319994	0	0	0	0	0	0	0	0	0	0	0	0	0	0	0	0	0	0	0	0	0	0	0	0	0	0	0	0	0	0	0	0	0	0	0	0	0	0	0	0	75	0	0	1	973.3	4.98	3.96	0	0	0	0	0	75	84.9	2.609	2.954	32.1	30.5	241	0000 0000 0000 0000	0.948543	0.861832	0.835363	0.964662	1.29361	0.403992(#/cmł)
6	05/16/23	15:45:29	dN/dlogDp	0.639987	0.287994	0.191996	0.223996	0.0959981	0.0959981	0.319994	0.319994	0.351993	0.415992	0.255995	0.415992	0.159997	0.255995	0.127997	0.351993	0.223996	0.0639987	0.0959981	0.0319994	0.0319994	0.0319994	0	0	0	0	0	0	0	0	0	0	0	0	0	0	0	0	0	0	0	0	0	0	0	0	0	0	0	0	0	0	21	0	0	0	973.1	4.98	3.98	0	0	0	0	0	75	84.9	2.608	2.947	32.2	30.5	241	0000 0000 0000 0000	0.979271	1.05111	0.989474	0.964662	1.41593	0.295994(#/cmł)
7	05/16/23	15:47:34	dN/dlogDp	0.763985	0.351993	0.255995	0.319994	0.319994	0.415992	0.287994	0.415992	0.319994	0.255995	0.351993	0.287994	0.287994	0.287994	0.127997	0.223996	0.0959981	0.223996	0	0.0319994	0.0639987	0	0	0	0.0319994	0	0	0	0	0	0	0	0	0	0	0	0	0	0	0	0	0	0	0	0	0	0	0	0	0	0	0	13	0	0	1	973.2	4.99	3.98	0	0	0	0	0	75	84.9	2.607	2.951	32.1	30.5	241	0000 0000 0000 0000	0.889152	0.988151	0.924758	0.723394	1.42731	0.345993(#/cmł)
8	05/16/23	15:48:34	dN/dlogDp	0.603988	0.319994	0.319994	0.447991	0.319994	0.255995	0.447991	0.47999	0.255995	0.319994	0.319994	0.255995	0.255995	0.0959981	0.159997	0.287994	0.255995	0.0639987	0.0959981	0.0959981	0.0639987	0	0	0.0319994	0	0	0	0	0	0	0	0	0	0	0	0	0	0	0	0	0	0	0	0	0	0	0	0	0	0	0	0	13	0	0	1	973.3	4.98	3.97	0	0	0	0	0	75	84.9	2.614	2.951	32.1	30.5	241	0000 0000 0000 0000	0.864519	0.995988	0.926629	0.835363	1.44841	0.311994(#/cmł)
9	05/16/23	15:49:34	dN/dlogDp	0.719986	0.223996	0.351993	0.415992	0.223996	0.47999	0.703986	0.383992	0.287994	0.223996	0.319994	0.415992	0.223996	0.319994	0.319994	0.351993	0.191996	0.191996	0.0639987	0.191996	0.0319994	0.0639987	0.0319994	0.0319994	0	0	0	0	0	0	0	0	0	0	0	0	0	0	0	0	0	0	0	0	0	0	0	0	0	0	0	0	10	0	0	1	973.3	4.98	3.98	0	0	0	0	0	75	84.9	2.612	2.951	32.2	30.5	241	0000 0000 0000 0000	0.920399	1.05491	0.978719	0.777365	1.46183	0.368993(#/cmł)
10	05/16/23	15:50:34	dN/dlogDp	0.707986	0.191996	0.223996	0.319994	0.319994	0.223996	0.383992	0.575988	0.255995	0.639987	0.447991	0.159997	0.351993	0.191996	0.223996	0.319994	0.287994	0.255995	0.0319994	0.127997	0	0.0639987	0.0319994	0	0	0	0	0	0	0	0	0	0	0	0	0	0	0	0	0	0	0	0	0	0	0	0	0	0	0	0	0	12	0	0	1	973.7	4.99	3.97	0	0	0	0	0	75	84.9	2.614	2.95	32.2	30.5	241	0000 0000 0000 0000	0.965911	1.06038	0.994293	0.964662	1.42482	0.352993(#/cmł)
11	05/16/23	15:51:34	dN/dlogDp	0.643987	0.255995	0.255995	0.159997	0.287994	0.351993	0.287994	0.319994	0.223996	0.223996	0.319994	0.319994	0.255995	0.223996	0.255995	0.319994	0.191996	0.159997	0.0319994	0	0.0319994	0	0.0319994	0	0	0	0	0	0	0	0	0	0	0	0	0	0	0	0	0	0	0	0	0	0	0	0	0	0	0	0	0	12	0	0	0	973.3	4.99	3.98	0	0	0	0	0	75	84.9	2.606	2.943	32.3	30.5	241	0000 0000 0000 0000	0.965911	1.02925	0.966633	0.723394	1.42322	0.301994(#/cmł)
12	05/16/23	15:52:34	dN/dlogDp	0.703986	0.319994	0.415992	0.351993	0.351993	0.319994	0.287994	0.351993	0.575988	0.47999	0.351993	0.383992	0.319994	0.127997	0.287994	0.351993	0.51199	0.127997	0.159997	0.0319994	0.0319994	0.0319994	0	0.0319994	0	0	0	0	0	0	0	0	0	0	0	0	0	0	0	0	0	0	0	0	0	0	0	0	0	0	0	0	11	0	0	1	973.7	4.99	3.99	0	0	0	0	0	75	84.9	2.616	2.952	32.3	30.5	241	0000 0000 0000 0000	0.949701	1.04471	0.975094	0.897687	1.4455	0.369993(#/cmł)
13	05/16/23	15:53:34	dN/dlogDp	0.667987	0.319994	0.223996	0.447991	0.287994	0.159997	0.47999	0.319994	0.255995	0.51199	0.51199	0.383992	0.51199	0.319994	0.319994	0.159997	0.159997	0.0639987	0.191996	0.0959981	0.0959981	0.0959981	0	0.0319994	0.0319994	0	0	0	0	0	0	0	0	0	0	0	0	0	0	0	0	0	0	0	0	0	0	0	0	0	0	0	12	0	0	1	973.3	4.99	3.95	0	0	0	0	0	75	84.9	2.614	2.952	32.3	30.5	241	0000 0000 0000 0000	0.998476	1.07459	0.998654	0.964662	1.45637	0.353993(#/cmł)
14	05/16/23	15:54:34	dN/dlogDp	0.679986	0.351993	0.351993	0.543989	0.351993	0.383992	0.575988	0.47999	0.543989	0.415992	0.351993	0.223996	0.351993	0.159997	0.351993	0.159997	0.255995	0.159997	0.0639987	0.0319994	0.0959981	0.0959981	0	0	0	0	0	0	0	0	0	0	0	0	0	0	0	0	0	0	0	0	0	0	0	0	0	0	0	0	0	0	8	0	0	1	973.5	4.98	3.98	0	0	0	0	0	75	84.9	2.61	2.953	32.3	30.5	241	0000 0000 0000 0000	0.879835	0.990547	0.924981	0.777365	1.43358	0.366993(#/cmł)
15	05/16/23	15:55:34	dN/dlogDp	0.659987	0.0639987	0.191996	0.415992	0.223996	0.47999	0.543989	0.255995	0.383992	0.543989	0.415992	0.191996	0.47999	0.383992	0.415992	0.415992	0.319994	0.223996	0.127997	0.127997	0.0319994	0.0959981	0.0319994	0	0.0319994	0	0	0	0	0	0	0	0	0	0	0	0	0	0	0	0	0	0	0	0	0	0	0	0	0	0	0	14	0	0	1	973.2	4.98	3.96	0	0	0	0	0	75	84.9	2.611	2.952	32.3	30.5	241	0000 0000 0000 0000	1.01788	1.11876	1.04713	0.777365	1.43343	0.364993(#/cmł)
16	05/16/23	15:56:34	dN/dlogDp	0.623988	0.351993	0.447991	0.319994	0.159997	0.159997	0.223996	0.223996	0.447991	0.383992	0.415992	0.447991	0.415992	0.191996	0.415992	0.383992	0.319994	0.319994	0.0959981	0.127997	0.0959981	0.0319994	0.0639987	0	0	0	0	0	0	0	0	0	0	0	0	0	0	0	0	0	0	0	0	0	0	0	0	0	0	0	0	0	12	0	0	1	973.4	4.98	3.95	0	0	0	0	0	75	84.9	2.614	2.954	32.3	30.5	241	0000 0000 0000 0000	1.0552	1.11703	1.03663	0.582942	1.47573	0.344993(#/cmł)
17	05/16/23	15:57:34	dN/dlogDp	0.663987	0.351993	0.351993	0.51199	0.287994	0.287994	0.319994	0.415992	0.319994	0.255995	0.223996	0.351993	0.351993	0.319994	0.191996	0.0959981	0.255995	0.127997	0.191996	0.127997	0.0639987	0.0639987	0.0959981	0	0	0	0	0	0	0	0	0	0	0	0	0	0	0	0	0	0	0	0	0	0	0	0	0	0	0	0	0	11	0	0	1	973.2	4.99	3.98	0	0	0	0	0	75	84.9	2.615	2.954	32.2	30.5	241	0000 0000 0000 0000	0.918244	1.05412	0.968259	0.626434	1.49744	0.339993(#/cmł)
18	05/16/23	15:58:34	dN/dlogDp	0.575988	0.0959981	0.191996	0.255995	0.415992	0.319994	0.319994	0.319994	0.383992	0.447991	0.287994	0.351993	0.383992	0.319994	0.383992	0.223996	0.159997	0.159997	0.0959981	0.255995	0.0319994	0.127997	0	0	0	0.0319994	0	0	0	0	0	0	0	0	0	0	0	0	0	0	0	0	0	0	0	0	0	0	0	0	0	0	14	0	0	1	973.1	4.98	3.97	0	0	0	0	0	75	84.8	2.613	2.953	32.1	30.5	241	0000 0000 0000 0000	1.00894	1.11835	1.04136	0.964662	1.44992	0.317994(#/cmł)
19	05/16/23	15:59:34	dN/dlogDp	0.611988	0.191996	0.287994	0.415992	0.415992	0.447991	0.255995	0.47999	0.319994	0.319994	0.415992	0.383992	0.159997	0.287994	0.287994	0.447991	0.287994	0.287994	0.0959981	0.127997	0.0959981	0.0959981	0.0319994	0	0	0	0	0	0	0	0	0	0	0	0	0	0	0	0	0	0	0	0	0	0	0	0	0	0	0	0	0	14	0	0	1	973.2	4.98	3.94	0	0	0	0	0	75	84.8	2.615	2.951	31.9	30.5	241	0000 0000 0000 0000	0.986753	1.09119	1.01169	0.835363	1.46995	0.344993(#/cmł)
20	05/16/23	16:00:34	dN/dlogDp	0.679986	0.319994	0.191996	0.319994	0.47999	0.127997	0.415992	0.351993	0.351993	0.255995	0.383992	0.223996	0.127997	0.351993	0.255995	0.287994	0.127997	0.191996	0.159997	0.159997	0.0959981	0.0319994	0.0959981	0	0	0	0	0	0	0	0	0	0	0	0	0	0	0	0	0	0	0	0	0	0	0	0	0	0	0	0	0	11	0	0	1	973.1	4.98	3.97	0	0	0	0	0	75	84.8	2.615	2.952	31.8	30.5	241	0000 0000 0000 0000	0.957227	1.08745	1.0013	0.67317	1.49216	0.335993(#/cmł)
21	05/16/23	16:01:34	dN/dlogDp	0.631987	0.383992	0.255995	0.191996	0.319994	0.255995	0.159997	0.319994	0.351993	0.51199	0.255995	0.415992	0.191996	0.223996	0.255995	0.383992	0.287994	0.319994	0.191996	0.127997	0.0319994	0.0639987	0	0.0639987	0	0	0	0	0	0	0	0	0	0	0	0	0	0	0	0	0	0	0	0	0	0	0	0	0	0	0	0	9	0	0	1	973.2	4.99	3.98	0	0	0	0	0	75	84.8	2.617	2.951	31.6	30.5	241	0000 0000 0000 0000	1.00998	1.12265	1.03749	0.964662	1.48743	0.331993(#/cmł)
22	05/16/23	16:02:34	dN/dlogDp	0.639987	0.383992	0.351993	0.415992	0.319994	0.543989	0.319994	0.159997	0.415992	0.319994	0.47999	0.351993	0.255995	0.255995	0.415992	0.415992	0.447991	0.255995	0.159997	0.0639987	0	0	0.0319994	0.0319994	0	0	0	0	0	0	0	0	0	0	0	0	0	0	0	0	0	0	0	0	0	0	0	0	0	0	0	0	5	0	0	1	973.2	4.99	3.99	0	0	0	0	0	75	84.8	2.612	2.951	31.5	30.5	241	0000 0000 0000 0000	0.9937	1.06333	0.988553	0.723394	1.46423	0.359993(#/cmł)
23	05/16/23	16:03:34	dN/dlogDp	0.735985	0.255995	0.223996	0.255995	0.447991	0.319994	0.287994	0.607988	0.351993	0.639987	0.543989	0.383992	0.447991	0.447991	0.47999	0.415992	0.255995	0.607988	0.191996	0.127997	0	0.0319994	0.0959981	0.0639987	0.0319994	0	0	0	0	0	0	0	0	0	0	0	0	0	0	0	0	0	0	0	0	0	0	0	0	0	0	0	11	0	0	1	972.9	4.99	3.97	0	0	0	0	0	75	84.9	2.61	2.951	31.5	30.5	241	0000 0000 0000 0000	1.05115	1.14921	1.07083	0.964662	1.45343	0.418992(#/cmł)
24	05/16/23	16:04:34	dN/dlogDp	0.691986	0.383992	0.351993	0.223996	0.351993	0.159997	0.255995	0.319994	0.415992	0.351993	0.447991	0.383992	0.351993	0.255995	0.255995	0.223996	0.383992	0.415992	0.0959981	0.159997	0.0959981	0.159997	0	0	0	0	0	0	0	0	0	0	0	0	0	0	0	0	0	0	0	0	0	0	0	0	0	0	0	0	0	0	12	0	0	1	972.7	4.98	3.97	0	0	0	0	0	75	84.9	2.608	2.947	31.4	30	241	0000 0000 0000 0000	1.03531	1.12537	1.0394	1.03663	1.49092	0.361993(#/cmł)
25	05/16/23	16:05:34	dN/dlogDp	0.635987	0.319994	0.383992	0.319994	0.223996	0.351993	0.319994	0.671987	0.447991	0.447991	0.447991	0.47999	0.383992	0.319994	0.383992	0.415992	0.415992	0.159997	0.191996	0.127997	0.0319994	0.0639987	0.0319994	0.0319994	0	0	0	0.0319994	0	0	0	0	0	0	0	0	0	0	0	0	0	0	0	0	0	0	0	0	0	0	0	0	17	0	0	1	972.9	4.98	3.98	0	0	0	0	0	75	84.9	2.61	2.951	31.3	30	241	0000 0000 0000 0000	1.00331	1.09925	1.02142	0.835363	1.45919	0.377992(#/cmł)
26	05/16/23	16:06:34	dN/dlogDp	0.539989	0.287994	0.255995	0.319994	0.287994	0.351993	0.383992	0.447991	0.287994	0.383992	0.287994	0.607988	0.51199	0.191996	0.415992	0.319994	0.351993	0.319994	0.0959981	0.0319994	0.191996	0.0319994	0	0	0	0	0	0	0	0	0	0	0	0	0	0	0	0	0	0	0	0	0	0	0	0	0	0	0	0	0	0	9	0	0	1	972.7	4.99	3.98	0	0	0	0	0	75	84.9	2.604	2.947	31.1	30	241	0000 0000 0000 0000	1.04627	1.09539	1.02434	1.11397	1.44283	0.333993(#/cmł)
27	05/16/23	16:07:34	dN/dlogDp	0.679986	0.223996	0.255995	0.47999	0.351993	0.51199	0.51199	0.415992	0.223996	0.351993	0.255995	0.319994	0.351993	0.351993	0.159997	0.191996	0.191996	0.47999	0.127997	0.127997	0.127997	0.0959981	0.0959981	0	0	0	0	0	0	0	0	0	0	0	0	0	0	0	0	0	0	0	0	0	0	0	0	0	0	0	0	0	15	0	0	1	973	4.98	3.97	0	0	0	0	0	75	84.8	2.608	2.948	31.2	30	241	0000 0000 0000 0000	0.956437	1.09776	1.00894	0.723394	1.49721	0.363993(#/cmł)
28	05/16/23	16:08:34	dN/dlogDp	0.703986	0.351993	0.351993	0.351993	0.415992	0.287994	0.47999	0.351993	0.415992	0.351993	0.223996	0.255995	0.191996	0.223996	0.319994	0.319994	0.575988	0.191996	0.159997	0.159997	0.127997	0.0959981	0	0	0.0319994	0	0	0	0	0	0	0	0	0	0	0	0	0	0	0	0	0	0	0	0	0	0	0	0	0	0	0	12	0	0	1	972.8	4.99	3.97	0	0	0	0	0	75	84.8	2.61	2.945	31	30	241	0000 0000 0000 0000	0.953279	1.10288	1.01244	1.59634	1.50721	0.370993(#/cmł)
29	05/16/23	16:09:34	dN/dlogDp	0.591988	0.255995	0.159997	0.287994	0.415992	0.319994	0.383992	0.51199	0.383992	0.447991	0.351993	0.191996	0.51199	0.383992	0.191996	0.191996	0.255995	0.255995	0.127997	0.159997	0.0639987	0.0959981	0	0	0.0319994	0	0	0	0	0	0	0	0	0	0	0	0	0	0	0	0	0	0	0	0	0	0	0	0	0	0	0	9	0	0	1	972.8	4.98	3.97	0	0	0	0	0	75	84.9	2.607	2.947	31	30	241	0000 0000 0000 0000	0.973354	1.08805	1.01258	0.835363	1.45231	0.334993(#/cmł)
30	05/16/23	16:10:34	dN/dlogDp	0.451991	0.127997	0.415992	0.255995	0.51199	0.319994	0.47999	0.607988	0.351993	0.415992	0.575988	0.383992	0.415992	0.607988	0.255995	0.383992	0.351993	0.351993	0.223996	0.223996	0.127997	0.0319994	0.0319994	0	0	0	0	0	0	0	0	0	0	0	0	0	0	0	0	0	0	0	0	0	0	0	0	0	0	0	0	0	6	0	0	1	972.8	4.98	3.98	0	0	0	0	0	75	84.9	2.611	2.95	31	30	241	0000 0000 0000 0000	1.03175	1.11626	1.04241	0.835363	1.4459	0.345993(#/cmł)
31	05/16/23	16:11:34	dN/dlogDp	0.671987	0.287994	0.287994	0.351993	0.415992	0.47999	0.51199	0.607988	0.351993	0.351993	0.543989	0.543989	0.415992	0.127997	0.383992	0.223996	0.159997	0.383992	0.127997	0.0959981	0.0319994	0.0639987	0.0639987	0	0	0	0	0	0	0	0	0	0	0	0	0	0	0	0	0	0	0	0	0	0	0	0	0	0	0	0	0	12	0	0	1	972.7	4.98	3.97	0	0	0	0	0	75	84.9	2.606	2.948	31	30	241	0000 0000 0000 0000	0.953279	1.04778	0.978777	0.835363	1.43675	0.380992(#/cmł)
32	05/16/23	16:12:34	dN/dlogDp	0.575988	0.351993	0.223996	0.383992	0.415992	0.47999	0.47999	0.447991	0.255995	0.351993	0.607988	0.287994	0.351993	0.223996	0.383992	0.415992	0.319994	0.383992	0.191996	0.0639987	0.159997	0	0.0319994	0.0319994	0.0639987	0	0	0	0	0.0319994	0	0	0	0	0	0	0	0	0	0	0	0	0	0	0	0	0	0	0	0	0	0	18	0	0	1	972.7	4.98	3.97	0	0	0	0	0	75	84.9	2.611	2.947	30.8	30	241	0000 0000 0000 0000	1.01047	1.1206	1.02842	1.03663	1.49908	0.360993(#/cmł)
33	05/16/23	16:13:34	dN/dlogDp	0.543989	0.0319994	0.255995	0.223996	0.191996	0.191996	0.159997	0.255995	0.159997	0.0959981	0.287994	0.223996	0.287994	0.351993	0.127997	0.223996	0.159997	0.255995	0.0959981	0.0959981	0.127997	0.0639987	0.0319994	0	0	0	0	0	0	0	0	0	0	0	0	0	0	0	0	0	0	0	0	0	0	0	0	0	0	0	0	0	7	0	0	0	972.7	4.98	3.97	0	0	0	0	0	75	84.8	2.609	2.947	30.7	30	241	0000 0000 0000 0000	1.10969	1.16909	1.08352	1.2864	1.47867	0.257995(#/cmł)
34	05/16/23	16:14:34	dN/dlogDp	7.61585	0.191996	0.287994	0.287994	0.319994	0.223996	0.319994	0.351993	0.255995	0.415992	0.255995	0.223996	0.415992	0.47999	0.447991	0.447991	0.703986	0.47999	0.639987	0.543989	0.607988	0.47999	0.639987	0.607988	0.99198	0.51199	0.351993	0.319994	0.447991	0.223996	0.255995	0.159997	0.0639987	0.127997	0.0319994	0.0319994	0	0	0	0	0	0	0	0	0	0	0	0	0	0	0	0	757	2	0	6	972.7	4.98	3.97	0	0	0	0	0	75	84.7	2.61	2.947	30.8	30	241	0000 0000 0000 0000	1.87568	2.07092	1.77284	2.83874	1.77972	2.31495(#/cmł)
35	05/16/23	16:15:34	dN/dlogDp	0.543989	0.255995	0.191996	0.191996	0.223996	0.223996	0.319994	0.223996	0.287994	0.447991	0.415992	0.255995	0.223996	0.159997	0.0959981	0.223996	0.127997	0.287994	0.127997	0	0.0959981	0	0	0.0319994	0	0	0	0	0	0	0	0	0	0	0	0	0	0	0	0	0	0	0	0	0	0	0	0	0	0	0	0	16	0	0	0	972.7	4.98	3.97	0	0	0	0	0	75	84.7	2.609	2.948	30.7	30	241	0000 0000 0000 0000	0.975836	1.06195	0.991175	0.964662	1.44314	0.273995(#/cmł)
36	05/16/23	16:16:34	dN/dlogDp	0.471991	0.255995	0.223996	0.287994	0.255995	0.383992	0.287994	0.255995	0.287994	0.191996	0.47999	0.319994	0.159997	0.351993	0.223996	0.0959981	0.159997	0.0959981	0.0639987	0.159997	0	0.0319994	0.0319994	0	0	0	0	0	0	0	0	0	0	0	0	0	0	0	0	0	0	0	0	0	0	0	0	0	0	0	0	0	8	0	0	0	972.6	4.98	3.97	0	0	0	0	0	75	84.7	2.612	2.949	30.7	30	241	0000 0000 0000 0000	0.954332	1.02843	0.960813	1.03663	1.43755	0.261995(#/cmł)
37	05/16/23	16:17:34	dN/dlogDp	0.611988	0.447991	0.319994	0.255995	0.255995	0.255995	0.223996	0.51199	0.415992	0.287994	0.255995	0.287994	0.351993	0.319994	0.191996	0.0959981	0.255995	0.127997	0	0.0319994	0.159997	0.127997	0	0	0	0	0	0	0	0	0	0	0	0	0	0	0	0	0	0	0	0	0	0	0	0	0	0	0	0	0	0	14	0	0	0	972.6	4.98	3.96	0	0	0	0	0	75	84.7	2.613	2.95	30.6	29.5	241	0000 0000 0000 0000	0.916255	1.03257	0.95613	0.835363	1.46911	0.314994(#/cmł)
38	05/16/23	16:18:34	dN/dlogDp	2.99994	0.191996	0.0639987	0.351993	0.255995	0.191996	0.255995	0.223996	0.191996	0.319994	0.127997	0.223996	0.191996	0.287994	0.191996	0.127997	0.0959981	0.159997	0.127997	0.0959981	0.127997	0.0639987	0	0	0	0	0	0	0.0319994	0	0	0	0	0	0	0	0	0	0	0	0	0	0	0	0	0	0	0	0	0	0	0	269	0	0	2	972.6	4.99	3.98	0	0	0	0	0	75	84.7	2.61	2.948	30.5	29.5	241	0000 0000 0000 0000	0.979805	1.11996	1.02569	0.626434	1.50513	0.871983(#/cmł)
39	05/16/23	16:19:34	dN/dlogDp	1.80796	0.127997	0.287994	0.255995	0.255995	0.223996	0.319994	0.351993	0.223996	0.51199	0.223996	0.159997	0.51199	0.223996	0.223996	0.287994	0.223996	0.191996	0	0.0639987	0.127997	0.0959981	0.0639987	0.0319994	0.0639987	0.0319994	0	0.0319994	0.0319994	0	0	0	0	0	0.0319994	0	0	0	0.0319994	0	0	0	0	0	0	0	0	0	0	0	0	0	151	0	0	7	972.7	4.98	3.98	0	0	0	0	0	75	84.8	2.611	2.952	30.4	29.5	241	0000 0000 0000 0000	1.01665	1.24903	1.09448	0.964662	1.59988	0.614988(#/cmł)
40	05/16/23	16:20:34	dN/dlogDp	1.41597	0.159997	0.319994	0.255995	0.223996	0.223996	0.351993	0.383992	0.191996	0.223996	0.159997	0.415992	0.319994	0.223996	0.191996	0.191996	0.191996	0.255995	0.0959981	0.127997	0.0639987	0.0319994	0.0319994	0.0639987	0	0	0	0	0	0	0	0	0	0	0	0	0	0	0	0	0	0	0	0	0	0	0	0	0	0	0	0	100	0	0	1	972.7	4.98	3.97	0	0	0	0	0	75	84.7	2.612	2.95	30.4	29.5	241	0000 0000 0000 0000	1.00811	1.10839	1.02252	1.11397	1.48656	0.50099(#/cmł)
41	05/16/23	16:21:34	dN/dlogDp	1.33597	0.191996	0.127997	0.223996	0.287994	0.191996	0.159997	0.383992	0.415992	0.255995	0.255995	0.383992	0.703986	0.255995	0.287994	0.255995	0.191996	0.159997	0.127997	0	0.0319994	0.0959981	0.0639987	0.0319994	0.0319994	0	0	0	0	0	0	0	0	0	0.0319994	0	0	0	0	0	0	0	0	0	0	0	0	0	0	0	0	0	99	1	0	1	972.5	4.98	3.97	0	0	0	0	0	75	84.6	2.611	2.952	30.4	29.5	241	0000 0000 0000 0000	1.09202	1.16167	1.06862	1.19709	1.47538	0.49499(#/cmł)
42	05/16/23	16:22:34	dN/dlogDp	1.29197	0.255995	0.255995	0.223996	0.383992	0.223996	0.255995	0.383992	0.383992	0.319994	0.191996	0.51199	0.191996	0.159997	0.0959981	0.255995	0.351993	0.223996	0.0639987	0.127997	0	0	0	0	0	0	0	0	0	0	0	0	0	0	0	0	0	0	0	0	0	0	0	0	0	0	0	0	0	0	0	0	97	0	0	1	972.4	4.99	3.97	0	0	0	0	0	75	84.6	2.614	2.948	30.4	29.5	241	0000 0000 0000 0000	0.945069	1.03987	0.973838	1.11397	1.43392	0.474991(#/cmł)
43	05/16/23	16:23:34	dN/dlogDp	11.3478	0.831983	0.831983	1.24798	0.543989	0.671987	0.831983	0.415992	0.319994	0.351993	0.415992	0.0959981	0.127997	0.319994	0.223996	0.255995	0.127997	0.191996	0.0639987	0.127997	0.0319994	0.0639987	0	0.0959981	0	0	0	0	0	0	0	0	0	0	0	0	0	0	0	0	0	0	0	0	0	0	0	0	0	0	0	0	385	0	0	8	972.4	4.98	3.98	0	0	0	0	0	75	84.6	2.611	2.951	30.3	29.5	241	0000 0000 0000 0000	0.747899	0.898183	0.828348	0.626434	1.45975	3.09294(#/cmł)
44	05/16/23	16:24:34	dN/dlogDp	21.1396	1.56797	1.34397	1.53597	1.11998	1.31197	0.799984	0.799984	0.447991	0.575988	0.351993	0.319994	0.159997	0.223996	0.191996	0.159997	0.223996	0.159997	0.0639987	0.0319994	0	0.0639987	0	0.0319994	0	0	0	0	0	0	0	0	0	0	0	0	0	0	0	0	0	0	0	0	0	0	0	0	0	0	0	0	655	0	0	15	972.5	4.99	3.98	0	0	0	0	0	75	84.6	2.612	2.95	30.4	29.5	241	0000 0000 0000 0000	0.705271	0.809176	0.76408	0.542469	1.37312	5.64389(#/cmł)
45	05/16/23	16:25:34	dN/dlogDp	9.51581	0.51199	0.639987	0.863983	0.767985	0.383992	0.287994	0.607988	0.47999	0.447991	0.383992	0.383992	0.255995	0.191996	0.255995	0.223996	0.0959981	0.127997	0.0639987	0.0959981	0.0319994	0.0319994	0	0.0319994	0	0	0	0	0	0	0	0	0	0	0	0	0	0	0	0	0	0	0	0	0	0	0	0	0	0	0	0	279	0	0	7	972.5	4.98	3.98	0	0	0	0	0	75	84.6	2.613	2.949	30.4	29.5	241	0000 0000 0000 0000	0.819029	0.914402	0.855458	0.626434	1.42009	2.60295(#/cmł)
46	05/16/23	16:26:34	dN/dlogDp	8.04384	0.543989	0.639987	0.543989	0.639987	0.575988	0.47999	0.415992	0.383992	0.255995	0.351993	0.319994	0.287994	0.191996	0.0639987	0.255995	0.0959981	0.0959981	0.0959981	0.0319994	0.127997	0.0959981	0.127997	0	0	0	0	0	0	0	0	0	0	0	0	0	0	0	0	0	0	0	0	0	0	0	0	0	0	0	0	0	227	0	0	6	972.5	4.99	3.95	0	0	0	0	0	75	84.6	2.615	2.951	30.4	29.5	241	0000 0000 0000 0000	0.793301	0.953456	0.875499	0.582942	1.47935	2.21796(#/cmł)
47	05/16/23	16:27:34	dN/dlogDp	2.17196	0.543989	0.447991	0.415992	0.319994	0.383992	0.671987	0.47999	0.191996	0.51199	0.255995	0.127997	0.383992	0.287994	0.223996	0.255995	0.127997	0.159997	0.159997	0.0639987	0.0319994	0.0319994	0.0319994	0	0	0	0	0	0	0	0.0319994	0	0	0	0	0	0	0	0	0	0	0	0	0	0	0	0	0	0	0	0	0	58	0	0	2	972.5	4.98	3.96	0	0	0	0	0	75	84.6	2.613	2.952	30.4	29.5	241	0000 0000 0000 0000	0.84246	0.990911	0.912613	0.777365	1.47287	0.734985(#/cmł)
48	05/16/23	16:28:34	dN/dlogDp	1.29997	0.287994	0.351993	0.287994	0.287994	0.287994	0.351993	0.191996	0.351993	0.383992	0.383992	0.351993	0.191996	0.191996	0.191996	0.159997	0.223996	0.319994	0.0959981	0	0.0959981	0.0639987	0.0319994	0.0319994	0	0	0	0	0	0	0	0	0	0	0	0	0	0	0	0	0	0	0	0	0	0	0	0	0	0	0	0	33	0	0	1	972.8	4.99	3.97	0	0	0	0	0	75	84.6	2.612	2.95	30.4	29.5	241	0000 0000 0000 0000	0.960121	1.06095	0.980407	0.964662	1.4777	0.48499(#/cmł)
49	05/16/23	16:29:34	dN/dlogDp	0.531989	0.223996	0.223996	0.255995	0.223996	0.127997	0.191996	0.191996	0.287994	0.287994	0.191996	0.319994	0.287994	0.255995	0.127997	0.351993	0.383992	0.159997	0.127997	0.0959981	0.127997	0.0319994	0.0639987	0.0319994	0.0639987	0	0.0639987	0	0	0	0	0	0	0	0	0	0	0	0	0	0	0	0	0	0	0	0	0	0	0	0	0	17	0	0	0	972.2	4.98	3.97	0	0	0	0	0	75	84.6	2.61	2.947	30.5	29.5	241	0000 0000 0000 0000	1.11141	1.21681	1.10528	1.59634	1.54371	0.279994(#/cmł)
50	05/16/23	16:30:34	dN/dlogDp	0.535989	0.0959981	0.0959981	0.287994	0.319994	0.191996	0.47999	0.255995	0.287994	0.319994	0.191996	0.255995	0.223996	0.319994	0.191996	0.415992	0.223996	0.255995	0.0959981	0.0959981	0.0639987	0.0639987	0.0639987	0.0319994	0.0959981	0	0	0	0	0	0	0	0	0	0	0	0	0	0	0	0	0	0	0	0	0	0	0	0	0	0	0	14	0	0	0	972.5	4.99	3.97	0	0	0	0	0	75	84.6	2.613	2.948	30.5	29.5	241	0000 0000 0000 0000	1.05042	1.17802	1.08368	0.777365	1.4943	0.287994(#/cmł)
51	05/16/23	16:31:34	dN/dlogDp	0.443991	0.287994	0.319994	0.191996	0.159997	0.223996	0.351993	0.319994	0.255995	0.447991	0.351993	0.383992	0.191996	0.223996	0.543989	0.351993	0.255995	0.191996	0.287994	0.0319994	0.0959981	0.0319994	0.0959981	0.0959981	0	0.0319994	0	0	0	0	0	0	0	0	0	0	0	0	0	0	0	0	0	0	0	0	0	0	0	0	0	0	4	0	0	1	972.6	4.98	3.98	0	0	0	0	0	75	84.6	2.614	2.949	30.5	29.5	241	0000 0000 0000 0000	1.06512	1.1729	1.07829	1.38237	1.50335	0.289994(#/cmł)
52	05/16/23	16:32:34	dN/dlogDp	0.571989	0.351993	0.159997	0.287994	0.287994	0.319994	0.255995	0.351993	0.255995	0.383992	0.255995	0.255995	0.223996	0.287994	0.287994	0.223996	0.255995	0.159997	0.159997	0.127997	0.127997	0.0319994	0.0959981	0.0319994	0.0319994	0	0.0319994	0	0	0	0	0	0	0	0	0	0	0	0	0	0	0	0	0	0	0	0	0	0	0	0	0	4	0	0	1	972.4	4.98	3.97	0	0	0	0	0	75	84.6	2.615	2.95	30.5	29.5	241	0000 0000 0000 0000	0.994858	1.14271	1.04119	0.964662	1.52744	0.306994(#/cmł)
53	05/16/23	16:33:34	dN/dlogDp	0.655987	0.255995	0.191996	0.383992	0.255995	0.191996	0.447991	0.223996	0.47999	0.351993	0.383992	0.351993	0.223996	0.287994	0.319994	0.191996	0.351993	0.51199	0.0639987	0.127997	0.0959981	0.127997	0.0639987	0	0	0	0	0.0319994	0	0	0	0	0	0	0	0	0	0	0	0	0	0	0	0	0	0	0	0	0	0	0	0	19	0	0	1	972.6	4.98	3.97	0	0	0	0	0	75	84.6	2.615	2.95	30.5	29.5	241	0000 0000 0000 0000	1.03486	1.15604	1.064	1.71544	1.49692	0.348993(#/cmł)
54	05/16/23	16:34:34	dN/dlogDp	0.571989	0.191996	0.223996	0.287994	0.543989	0.287994	0.223996	0.47999	0.383992	0.159997	0.543989	0.383992	0.51199	0.319994	0.319994	0.319994	0.319994	0.383992	0.319994	0.0959981	0.0639987	0.223996	0	0.0639987	0	0	0	0	0	0	0	0	0	0	0	0	0	0	0	0	0	0	0	0	0	0	0	0	0	0	0	0	13	0	0	1	972.4	4.98	3.97	0	0	0	0	0	75	84.7	2.61	2.951	30.5	29.5	241	0000 0000 0000 0000	1.0753	1.16664	1.07908	0.67317	1.48304	0.350993(#/cmł)
55	05/16/23	16:35:34	dN/dlogDp	0.583988	0.0959981	0.223996	0.287994	0.415992	0.383992	0.447991	0.287994	0.383992	0.287994	0.287994	0.47999	0.383992	0.47999	0.191996	0.223996	0.351993	0.447991	0.0959981	0.127997	0.0639987	0.0959981	0.0319994	0.0319994	0.0319994	0.0319994	0	0.0319994	0	0	0	0	0	0	0	0	0	0	0	0	0	0	0	0	0	0	0	0	0	0	0	0	9	0	0	1	972.6	4.98	3.96	0	0	0	0	0	75	84.7	2.613	2.948	30.5	29.5	241	0000 0000 0000 0000	1.0753	1.16334	1.07222	1.11397	1.4857	0.339993(#/cmł)
56	05/16/23	16:36:34	dN/dlogDp	0.695986	0.383992	0.319994	0.415992	0.351993	0.255995	0.51199	0.447991	0.255995	0.287994	0.351993	0.287994	0.319994	0.319994	0.383992	0.415992	0.351993	0.319994	0.255995	0.0639987	0.159997	0.159997	0.0639987	0.0319994	0.0319994	0	0.0319994	0	0.0319994	0	0	0	0	0	0	0	0	0	0	0	0	0	0	0	0	0	0	0	0	0	0	0	13	0	0	1	972.4	4.99	3.97	0	0	0	0	0	75	84.7	2.614	2.95	30.5	29.5	241	0000 0000 0000 0000	1.03798	1.16808	1.05929	0.777365	1.54575	0.386992(#/cmł)
57	05/16/23	16:37:34	dN/dlogDp	0.575988	0.191996	0.159997	0.191996	0.191996	0.287994	0.351993	0.351993	0.191996	0.319994	0.319994	0.255995	0.319994	0.319994	0.223996	0.255995	0.287994	0.351993	0.0959981	0.127997	0.127997	0.0639987	0.0639987	0	0	0	0.0319994	0	0.0319994	0	0	0	0	0	0	0	0	0	0	0	0	0	0	0	0	0	0	0	0	0	0	0	18	0	0	1	972.3	4.98	3.97	0	0	0	0	0	75	84.7	2.611	2.948	30.5	29.5	241	0000 0000 0000 0000	1.0753	1.19178	1.09461	0.777365	1.50102	0.303994(#/cmł)
58	05/16/23	16:38:34	dN/dlogDp	0.583988	0.191996	0.351993	0.255995	0.223996	0.223996	0.319994	0.223996	0.383992	0.447991	0.383992	0.287994	0.287994	0.255995	0.191996	0.415992	0.351993	0.287994	0.351993	0.127997	0.159997	0.0639987	0	0	0	0	0	0.0319994	0	0	0	0	0	0	0	0	0	0	0	0	0	0	0	0	0	0	0	0	0	0	0	0	12	0	0	1	972.4	4.99	3.98	0	0	0	0	0	75	84.7	2.612	2.95	30.5	29.5	241	0000 0000 0000 0000	1.05664	1.1727	1.08185	0.964662	1.49393	0.327993(#/cmł)
59	05/16/23	16:39:34	dN/dlogDp	0.647987	0.287994	0.223996	0.351993	0.351993	0.223996	0.51199	0.575988	0.319994	0.319994	0.319994	0.543989	0.383992	0.223996	0.351993	0.383992	0.255995	0.447991	0.223996	0.159997	0.255995	0.0639987	0.0319994	0.0959981	0	0	0	0	0	0	0	0	0	0	0	0	0	0	0	0	0	0	0	0	0	0	0	0	0	0	0	0	14	0	0	1	972.4	4.99	3.96	0	0	0	0	0	75	84.7	2.609	2.949	30.5	29.5	241	0000 0000 0000 0000	1.06784	1.16532	1.07282	0.835363	1.49873	0.377992(#/cmł)
60	05/16/23	16:40:34	dN/dlogDp	1.11198	0.255995	0.319994	0.191996	0.383992	0.639987	0.383992	0.415992	0.287994	0.47999	0.543989	0.47999	0.447991	0.383992	0.47999	0.255995	0.319994	0.287994	0.351993	0.191996	0.159997	0.0959981	0.127997	0.0319994	0	0	0	0	0	0.0319994	0	0	0	0	0	0	0	0	0	0	0	0	0	0	0	0	0	0	0	0	0	0	27	0	0	1	972.5	4.98	3.97	0	0	0	0	0	75	84.7	2.611	2.952	30.5	29.5	241	0000 0000 0000 0000	1.05774	1.16938	1.07559	0.723394	1.49583	0.51399(#/cmł)
61	05/16/23	16:41:34	dN/dlogDp	0.707986	0.159997	0.223996	0.319994	0.191996	0.319994	0.351993	0.447991	0.287994	0.671987	0.255995	0.319994	0.287994	0.415992	0.415992	0.223996	0.51199	0.319994	0.223996	0.127997	0.127997	0.0959981	0.0639987	0.0319994	0.0319994	0	0	0	0	0	0	0	0	0	0	0	0	0	0	0	0	0	0	0	0	0	0	0	0	0	0	0	21	0	0	1	972.3	4.98	3.96	0	0	0	0	0	75	84.7	2.613	2.951	30.5	29.5	241	0000 0000 0000 0000	1.07064	1.18165	1.09539	0.964662	1.47431	0.377992(#/cmł)
62	05/16/23	16:42:34	dN/dlogDp	0.779984	0.159997	0.159997	0.127997	0.255995	0.223996	0.319994	0.383992	0.351993	0.607988	0.223996	0.223996	0.415992	0.447991	0.51199	0.223996	0.575988	0.383992	0.223996	0.0639987	0.223996	0.0959981	0.0639987	0.0319994	0	0.0319994	0	0	0.0319994	0	0	0	0	0	0	0	0	0	0	0	0	0	0	0	0	0	0	0	0	0	0	0	20	0	0	1	972.2	4.99	3.98	0	0	0	0	0	75	84.7	2.61	2.948	30.5	29.5	241	0000 0000 0000 0000	1.18537	1.24658	1.15541	0.964662	1.47441	0.393992(#/cmł)
63	05/16/23	16:43:34	dN/dlogDp	1.62397	0.319994	0.319994	0.255995	0.383992	0.383992	0.383992	0.351993	0.607988	0.319994	0.47999	0.319994	0.223996	0.287994	0.319994	0.383992	0.191996	0.543989	0.287994	0.159997	0.159997	0.0959981	0.0959981	0.0319994	0	0	0.0319994	0	0.0319994	0	0	0	0	0	0	0	0	0	0	0	0	0	0	0	0	0	0	0	0	0	0	0	60	0	0	1	972.5	4.98	3.97	0	0	0	0	0	75	84.7	2.611	2.952	30.5	29.5	241	0000 0000 0000 0000	1.02553	1.17598	1.07213	0.897687	1.5275	0.623988(#/cmł)
64	05/16/23	16:44:34	dN/dlogDp	2.31595	0.191996	0.191996	0.255995	0.191996	0.191996	0.383992	0.575988	0.159997	0.319994	0.287994	0.287994	0.351993	0.191996	0.287994	0.351993	0.383992	0.223996	0.383992	0.0639987	0.159997	0.0319994	0.0319994	0.0319994	0.0319994	0	0	0	0	0	0	0	0	0	0	0	0	0	0	0	0	0	0	0	0	0	0	0	0	0	0	0	88	0	0	2	972.1	4.99	3.97	0	0	0	0	0	75	84.7	2.615	2.952	30.5	29.5	241	0000 0000 0000 0000	1.08422	1.18267	1.09344	0.835363	1.48628	0.752985(#/cmł)
65	05/16/23	16:45:34	dN/dlogDp	1.76796	0.191996	0.191996	0.0959981	0.255995	0.127997	0.351993	0.447991	0.159997	0.447991	0.351993	0.159997	0.383992	0.159997	0.127997	0.159997	0.319994	0.191996	0.159997	0.0319994	0.191996	0.0639987	0.0639987	0	0	0	0	0.0319994	0	0	0	0	0	0	0	0	0	0	0	0	0	0	0	0	0	0	0	0	0	0	0	0	65	0	0	1	972.6	4.98	3.97	0	0	0	0	0	75	84.7	2.616	2.951	30.5	29.5	241	0000 0000 0000 0000	1.01422	1.15834	1.06669	0.835363	1.48966	0.587988(#/cmł)
66	05/16/23	16:46:34	dN/dlogDp	1.50797	0.191996	0.191996	0.287994	0.159997	0.287994	0.351993	0.51199	0.319994	0.287994	0.351993	0.351993	0.47999	0.255995	0.351993	0.159997	0.223996	0.255995	0.223996	0	0.159997	0.0959981	0	0	0.0319994	0	0	0	0	0	0	0	0	0	0	0	0	0	0	0	0	0	0	0	0	0	0	0	0	0	0	0	49	0	0	1	972.4	4.98	3.97	0	0	0	0	0	75	84.7	2.608	2.953	30.5	29.5	241	0000 0000 0000 0000	1.03798	1.12443	1.04703	0.835363	1.45371	0.549989(#/cmł)
67	05/16/23	16:47:34	dN/dlogDp	0.675986	0.159997	0.255995	0.223996	0.447991	0.287994	0.223996	0.319994	0.287994	0.127997	0.543989	0.191996	0.191996	0.255995	0.159997	0.319994	0.351993	0.223996	0.191996	0.223996	0.159997	0.127997	0.0639987	0	0.0319994	0	0	0	0	0	0	0	0	0	0	0	0	0	0	0	0	0	0	0	0	0	0	0	0	0	0	0	22	0	0	1	972.3	4.98	3.98	0	0	0	0	0	75	84.7	2.608	2.952	30.6	29.5	241	0000 0000 0000 0000	1.04895	1.18465	1.08339	1.03663	1.52387	0.336993(#/cmł)
68	05/16/23	16:48:34	dN/dlogDp	0.51999	0.223996	0.127997	0.255995	0.0959981	0.383992	0.319994	0.319994	0.287994	0.351993	0.351993	0.159997	0.191996	0.255995	0.191996	0.383992	0.191996	0.0319994	0.159997	0.0959981	0.0319994	0.0959981	0.0319994	0.0639987	0.0319994	0	0	0	0	0	0	0	0	0	0	0	0	0	0	0	0	0	0	0	0	0	0	0	0	0	0	0	16	0	0	0	972.3	4.98	3.96	0	0	0	0	0	75	84.7	2.612	2.952	30.6	29.5	241	0000 0000 0000 0000	0.991174	1.12587	1.03766	0.723394	1.48549	0.274995(#/cmł)
69	05/16/23	16:49:34	dN/dlogDp	0.647987	0.159997	0.223996	0.447991	0.255995	0.255995	0.223996	0.51199	0.255995	0.447991	0.255995	0.351993	0.255995	0.287994	0.319994	0.319994	0.319994	0.351993	0.415992	0.127997	0.0639987	0.0319994	0.127997	0.0639987	0.127997	0	0.0319994	0	0	0	0	0	0	0	0	0	0	0	0	0	0	0	0	0	0	0	0	0	0	0	0	0	28	0	0	1	972.3	4.98	3.96	0	0	0	0	0	75	84.7	2.613	2.949	30.6	29.5	241	0000 0000 0000 0000	1.09354	1.22885	1.11809	0.835363	1.53791	0.356993(#/cmł)
70	05/16/23	16:50:34	dN/dlogDp	0.699986	0.351993	0.319994	0.319994	0.383992	0.191996	0.351993	0.415992	0.287994	0.671987	0.223996	0.415992	0.47999	0.255995	0.287994	0.47999	0.47999	0.383992	0.127997	0.127997	0.0959981	0.0639987	0	0.0319994	0	0.0319994	0	0	0	0	0	0	0	0	0	0	0	0	0	0	0	0	0	0	0	0	0	0	0	0	0	0	22	0	0	1	972.2	4.98	3.97	0	0	0	0	0	75	84.7	2.609	2.949	30.6	29.5	241	0000 0000 0000 0000	1.03264	1.12933	1.04618	0.964662	1.47836	0.386992(#/cmł)
71	05/16/23	18:13:25	dN/dlogDp	0.559989	0.255995	0.191996	0.223996	0.255995	0.255995	0.223996	0.191996	0.319994	0.255995	0.319994	0.159997	0.127997	0.159997	0.223996	0.159997	0.255995	0.351993	0.255995	0.0959981	0.0319994	0.0319994	0.127997	0	0.0319994	0.0639987	0	0.0319994	0	0	0	0	0	0	0	0	0	0	0	0	0	0	0	0	0	0	0	0	0	0	0	0	20	0	0	0	972.4	4.98	3.97	0	0	0	0	0	75	83.5	2.618	2.963	30.2	29	240	0000 0000 0000 0000	1.03051	1.20726	1.08757	1.71544	1.56819	0.283994(#/cmł)
72	05/16/23	18:14:25	dN/dlogDp	0.471991	0.0959981	0.351993	0.159997	0.383992	0.223996	0.255995	0.351993	0.415992	0.415992	0.191996	0.351993	0.0959981	0.127997	0.383992	0.255995	0.351993	0.351993	0.223996	0.191996	0.159997	0.191996	0.223996	0.0319994	0	0.0319994	0	0	0.0319994	0	0	0	0	0	0	0	0	0	0	0	0	0	0	0	0	0	0	0	0	0	0	0	19	0	0	0	973.1	4.99	4	0	0	0	0	0	75	83.5	2.62	2.962	30.1	29	240	0000 0000 0000 0000	1.09354	1.26715	1.14596	0.897687	1.56092	0.300994(#/cmł)
73	05/16/23	18:15:25	dN/dlogDp	0.527989	0.127997	0.223996	0.255995	0.415992	0.287994	0.319994	0.127997	0.191996	0.223996	0.255995	0.319994	0.351993	0.51199	0.383992	0.255995	0.351993	0.287994	0.223996	0.127997	0.0959981	0.159997	0.159997	0.0639987	0.0319994	0	0	0	0	0	0	0	0	0	0	0	0	0	0	0	0	0	0	0	0	0	0	0	0	0	0	0	10	0	0	1	973.3	4.99	3.96	0	0	0	0	0	75	83.7	2.616	2.961	30	29	240	0000 0000 0000 0000	1.18688	1.24165	1.13737	1.2864	1.52251	0.311994(#/cmł)
74	05/16/23	18:16:25	dN/dlogDp	11.1718	2.87994	3.07194	2.46395	3.03994	3.19994	2.39995	2.55995	2.62395	1.82396	2.52795	2.07996	1.37597	1.63197	1.18398	1.31197	1.02398	1.08798	0.51199	0.255995	0.319994	0.0639987	0	0	0	0.0319994	0	0	0.0319994	0	0	0	0	0	0	0	0	0	0	0	0	0	0	0	0	0	0	0	0	0	0	0	230	2	0	12	972.6	4.98	3.97	0	0	0	0	0	75	83.7	2.617	2.958	30.1	29	240	0000 0000 0000 0000	0.84622	0.950447	0.888803	0.723394	1.42743	3.96492(#/cmł)
75	05/16/23	18:17:25	dN/dlogDp	3.59993	0.895982	0.959981	0.799984	0.735985	0.927981	0.767985	0.863983	0.99198	1.05598	0.99198	1.02398	0.671987	0.51199	0.575988	0.575988	0.575988	0.383992	0.351993	0.319994	0.0639987	0.159997	0	0	0.0319994	0	0	0	0	0	0	0	0	0	0	0	0	0	0	0	0	0	0	0	0	0	0	0	0	0	0	0	73	1	0	3	972.6	4.99	3.94	0	0	0	0	0	75	83.7	2.618	2.961	30.1	29	240	0000 0000 0000 0000	0.942753	1.03088	0.959373	0.964662	1.45267	1.34497(#/cmł)
76	05/16/23	18:18:25	dN/dlogDp	1.28397	0.351993	0.223996	0.51199	0.415992	0.415992	0.639987	0.383992	0.287994	0.319994	0.383992	0.607988	0.415992	0.287994	0.415992	0.47999	0.415992	0.51199	0.159997	0.159997	0.191996	0.127997	0.159997	0.0319994	0.0959981	0.0959981	0.0319994	0.0639987	0.0639987	0	0.0319994	0	0	0.0319994	0	0	0	0	0	0	0	0	0	0	0	0	0	0	0	0	0	0	16	0	0	7	972.8	4.99	4	0	0	0	0	0	75	83.8	2.617	2.957	30.4	29	240	0000 0000 0000 0000	1.10486	1.27714	1.13043	0.777365	1.60944	0.580988(#/cmł)
77	05/16/23	18:19:25	dN/dlogDp	0.671987	0.255995	0.351993	0.319994	0.383992	0.255995	0.319994	0.287994	0.223996	0.287994	0.575988	0.415992	0.255995	0.287994	0.319994	0.575988	0.319994	0.223996	0.127997	0.287994	0.191996	0.0959981	0.127997	0.0319994	0.0319994	0	0	0	0	0	0	0	0	0	0	0	0	0	0	0	0	0	0	0	0	0	0	0	0	0	0	0	18	0	0	1	972.8	4.98	3.99	0	0	0	0	0	75	84	2.617	2.958	30.3	29.5	240	0000 0000 0000 0000	1.07839	1.19083	1.09038	1.03663	1.52171	0.372993(#/cmł)
78	05/16/23	18:20:25	dN/dlogDp	0.49599	0.159997	0.159997	0.223996	0.415992	0.191996	0.319994	0.351993	0.255995	0.191996	0.255995	0.287994	0.47999	0.319994	0.159997	0.319994	0.319994	0.447991	0.191996	0.127997	0.0639987	0.0639987	0.0639987	0.127997	0.0639987	0.0319994	0.0319994	0	0	0	0	0	0	0	0	0	0	0	0	0	0	0	0	0	0	0	0	0	0	0	0	0	8	0	0	0	973	4.99	3.99	0	0	0	0	0	75	83.9	2.614	2.956	30.3	29.5	240	0000 0000 0000 0000	1.15553	1.24561	1.13466	1.19709	1.53422	0.299994(#/cmł)
79	05/16/23	18:21:25	dN/dlogDp	5.95988	1.47197	1.15198	1.02398	1.15198	1.56797	1.08798	1.02398	0.895982	0.831983	1.24798	0.735985	0.735985	0.671987	0.607988	0.47999	0.607988	0.447991	0.159997	0.0959981	0.0319994	0.127997	0.0639987	0.0639987	0	0.0319994	0.0319994	0	0	0	0	0	0	0	0	0	0	0	0	0	0	0	0	0	0	0	0	0	0	0	0	0	136	0	0	6	972.6	4.98	3.99	0	0	0	0	0	75	83.9	2.61	2.954	30.4	29.5	240	0000 0000 0000 0000	0.848665	0.969674	0.899965	0.723394	1.45193	2.00096(#/cmł)
80	05/16/23	18:22:25	dN/dlogDp	0.467991	0.223996	0.191996	0.127997	0.159997	0.319994	0.447991	0.191996	0.191996	0.223996	0.287994	0.287994	0.191996	0.383992	0.287994	0.255995	0.191996	0.319994	0.127997	0.0319994	0.0639987	0.0639987	0.0319994	0.0639987	0.0319994	0	0	0	0	0.0319994	0	0	0	0	0	0	0	0	0	0	0	0	0	0	0	0	0	0	0	0	0	0	9	0	0	0	972.8	4.99	4	0	0	0	0	0	75	83.9	2.616	2.953	30.4	29.5	240	0000 0000 0000 0000	1.0753	1.17772	1.07827	0.777365	1.50975	0.264995(#/cmł)
81	05/16/23	18:23:25	dN/dlogDp	0.431991	0.255995	0.191996	0.319994	0.351993	0.255995	0.223996	0.383992	0.319994	0.287994	0.447991	0.319994	0.47999	0.223996	0.351993	0.191996	0.351993	0.319994	0.159997	0.127997	0.159997	0.191996	0	0.127997	0.0639987	0.159997	0	0.0639987	0.0319994	0	0	0.0639987	0	0	0	0	0	0	0	0	0	0	0	0	0	0	0	0	0	0	0	0	4	1	1	11	972.3	4.98	3.96	0	0	0	0	0	75	84	2.61	2.952	30.4	29.5	240	0000 0000 0000 0000	1.11943	1.3189	1.1637	1.19709	1.62108	0.308994(#/cmł)
82	05/16/23	18:24:25	dN/dlogDp	0.563989	0.255995	0.191996	0.191996	0.255995	0.255995	0.191996	0.223996	0.447991	0.255995	0.383992	0.319994	0.287994	0.223996	0.255995	0.287994	0.255995	0.383992	0.191996	0.191996	0.159997	0.0639987	0.0319994	0	0.0639987	0	0	0	0	0	0	0	0	0	0	0	0	0	0	0	0	0	0	0	0	0	0	0	0	0	0	0	20	0	0	0	972.1	4.99	3.99	0	0	0	0	0	75	84.1	2.613	2.947	30.4	29.5	240	0000 0000 0000 0000	1.08333	1.19648	1.10117	0.897687	1.504	0.308994(#/cmł)
83	05/16/23	18:25:25	dN/dlogDp	0.459991	0.223996	0.255995	0.127997	0.191996	0.159997	0.47999	0.255995	0.223996	0.287994	0.287994	0.447991	0.351993	0.319994	0.255995	0.287994	0.191996	0.223996	0.191996	0.255995	0.0319994	0.0639987	0.0319994	0.0319994	0	0	0.0639987	0	0	0	0	0	0	0	0	0	0	0	0	0	0	0	0	0	0	0	0	0	0	0	0	0	8	0	0	0	972.1	4.99	3.98	0	0	0	0	0	75	84.1	2.608	2.95	30.4	29.5	240	0000 0000 0000 0000	1.09823	1.18397	1.0898	0.777365	1.49634	0.278994(#/cmł)
84	05/16/23	18:26:25	dN/dlogDp	0.555989	0.255995	0.191996	0.159997	0.191996	0.287994	0.351993	0.191996	0.287994	0.255995	0.287994	0.319994	0.191996	0.127997	0.191996	0.287994	0.319994	0.383992	0.191996	0.191996	0.0959981	0.0639987	0.0319994	0.0319994	0	0.0319994	0	0	0.0319994	0	0	0	0	0	0	0	0	0	0	0	0	0	0	0	0	0	0	0	0	0	0	0	8	0	0	0	972.2	4.99	3.96	0	0	0	0	0	75	84.1	2.608	2.947	30.5	29.5	240	0000 0000 0000 0000	1.07931	1.21118	1.10368	1.71544	1.5344	0.293994(#/cmł)
85	05/16/23	18:27:25	dN/dlogDp	2.56795	0.575988	0.543989	0.639987	0.863983	0.895982	0.671987	0.671987	0.767985	0.575988	0.99198	0.671987	0.543989	0.447991	0.447991	0.415992	0.607988	0.47999	0.383992	0.127997	0.127997	0.127997	0.0319994	0.0959981	0	0	0	0	0	0	0	0	0	0	0	0	0	0	0	0	0	0	0	0	0	0	0	0	0	0	0	0	51	0	0	3	972.4	4.98	3.98	0	0	0	0	0	75	84.1	2.607	2.949	30.4	29.5	240	0000 0000 0000 0000	0.958192	1.0659	0.987108	1.03663	1.46961	1.00798(#/cmł)
86	05/16/23	18:28:25	dN/dlogDp	0.415992	0.255995	0.223996	0.287994	0.47999	0.351993	0.319994	0.287994	0.319994	0.51199	0.287994	0.383992	0.255995	0.255995	0.319994	0.47999	0.159997	0.287994	0.0959981	0.159997	0.0959981	0.0959981	0.0319994	0.0639987	0	0	0	0.0319994	0	0	0	0.0319994	0	0	0	0	0	0.0319994	0	0	0	0	0	0	0	0	0	0	0	0	0	0	7	0	0	1	972.5	4.99	3.97	0	0	0	0	0	75	84.1	2.613	2.948	30.5	29.5	240	0000 0000 0000 0000	1.00479	1.18214	1.05874	0.964662	1.55097	0.294994(#/cmł)
87	05/16/23	18:29:25	dN/dlogDp	0.52399	0.383992	0.255995	0.319994	0.351993	0.159997	0.351993	0.447991	0.383992	0.287994	0.351993	0.51199	0.287994	0.287994	0.351993	0.223996	0.191996	0.191996	0.191996	0.0959981	0.0319994	0.0959981	0.0639987	0	0	0	0	0	0	0	0	0	0	0	0	0	0	0	0	0	0	0	0	0	0	0	0	0	0	0	0	0	4	0	0	1	972.4	4.99	3.97	0	0	0	0	0	75	84.1	2.608	2.949	30.4	29.5	240	0000 0000 0000 0000	0.992928	1.07761	0.999605	1.11397	1.46794	0.312994(#/cmł)
88	05/16/23	18:30:25	dN/dlogDp	0.571989	0.255995	0.287994	0.319994	0.287994	0.351993	0.191996	0.319994	0.287994	0.415992	0.319994	0.287994	0.51199	0.255995	0.127997	0.447991	0.159997	0.319994	0.287994	0.223996	0.159997	0.0319994	0.0319994	0	0.0319994	0	0	0	0.0319994	0	0	0.0319994	0	0	0	0	0	0	0	0	0	0	0.0319994	0	0	0	0	0	0	0	0	0	14	0	0	1	972.5	4.98	3.97	0	0	0	0	0	75	84.1	2.613	2.946	30.5	29.5	240	0000 0000 0000 0000	1.06784	1.23584	1.09202	1.19709	1.57877	0.330993(#/cmł)
89	05/16/23	18:31:25	dN/dlogDp	0.49999	0.127997	0.0959981	0.223996	0.223996	0.383992	0.223996	0.223996	0.319994	0.319994	0.223996	0.223996	0.319994	0.383992	0.415992	0.191996	0.287994	0.543989	0.255995	0.159997	0.223996	0.223996	0.0959981	0.0639987	0	0	0	0	0	0	0	0	0	0	0	0	0	0	0	0	0	0	0	0	0	0	0	0	0	0	0	0	12	0	0	1	971.9	4.99	3.97	0	0	0	0	0	75	84.1	2.607	2.947	30.4	29.5	240	0000 0000 0000 0000	1.23312	1.29283	1.1904	1.71544	1.50845	0.304994(#/cmł)
90	05/16/23	18:32:25	dN/dlogDp	0.47999	0.191996	0.223996	0.223996	0.383992	0.383992	0.415992	0.383992	0.319994	0.223996	0.47999	0.319994	0.0959981	0.415992	0.159997	0.191996	0.319994	0.127997	0.191996	0.0959981	0.0959981	0.0959981	0.127997	0.0639987	0	0.0959981	0	0.0319994	0	0	0	0	0	0	0	0	0	0.0319994	0	0	0	0	0	0	0	0	0	0	0	0	0	0	10	0	0	0	972.3	4.99	3.98	0	0	0	0	0	75	84.1	2.606	2.95	30.5	29.5	240	0000 0000 0000 0000	1.01558	1.20938	1.07417	1.03663	1.57785	0.297994(#/cmł)
91	05/16/23	18:33:25	dN/dlogDp	0.51199	0.255995	0.255995	0.223996	0.159997	0.351993	0.351993	0.223996	0.159997	0.383992	0.415992	0.287994	0.191996	0.255995	0.191996	0.223996	0.351993	0.223996	0.159997	0.127997	0.0639987	0.191996	0	0	0.0319994	0	0	0	0.0319994	0	0	0	0	0.0319994	0	0	0	0	0	0	0	0	0	0	0	0	0	0	0	0	0	0	13	0	0	0	972.2	4.98	3.98	0	0	0	0	0	75	84.1	2.613	2.946	30.5	29.5	240	0000 0000 0000 0000	1.03798	1.18996	1.07389	1.03663	1.54726	0.288994(#/cmł)
92	05/16/23	18:34:25	dN/dlogDp	0.531989	0.127997	0.191996	0.383992	0.287994	0.159997	0.383992	0.319994	0.287994	0.255995	0.319994	0.319994	0.319994	0.159997	0.255995	0.383992	0.319994	0.383992	0.127997	0.127997	0.127997	0.127997	0.0319994	0	0	0.0319994	0	0.0319994	0	0	0	0	0	0	0	0	0	0	0	0	0	0	0	0	0	0	0	0	0	0	0	0	7	0	0	0	972.3	4.99	3.96	0	0	0	0	0	75	84.1	2.611	2.95	30.4	29.5	240	0000 0000 0000 0000	1.07931	1.19109	1.09308	0.626434	1.5079	0.303994(#/cmł)
93	05/16/23	18:35:25	dN/dlogDp	0.531989	0.287994	0.47999	0.191996	0.351993	0.47999	0.255995	0.383992	0.223996	0.47999	0.351993	0.351993	0.0639987	0.255995	0.287994	0.287994	0.255995	0.287994	0.0639987	0.127997	0.0639987	0.127997	0.0959981	0	0.0319994	0	0	0	0	0	0	0	0	0	0	0	0	0	0	0	0	0	0	0	0	0	0	0	0	0	0	0	13	0	0	0	972	4.99	3.97	0	0	0	0	0	75	84.1	2.609	2.946	30.5	29.5	240	0000 0000 0000 0000	0.965911	1.09521	1.00259	0.582942	1.51052	0.313994(#/cmł)
94	05/16/23	18:36:25	dN/dlogDp	0.49199	0.159997	0.319994	0.319994	0.351993	0.159997	0.159997	0.543989	0.255995	0.351993	0.415992	0.287994	0.383992	0.415992	0.0959981	0.255995	0.47999	0.351993	0.255995	0.127997	0.0639987	0.0639987	0.0639987	0.0639987	0	0	0	0	0	0.0319994	0	0	0.0319994	0	0	0	0	0	0	0	0	0	0	0	0	0	0	0	0	0	0	0	11	0	0	0	972.2	4.98	3.96	0	0	0	0	0	75	84.1	2.611	2.949	30.4	29.5	240	0000 0000 0000 0000	1.06956	1.20194	1.0937	0.835363	1.52558	0.310994(#/cmł)
95	05/16/23	18:37:25	dN/dlogDp	3.95192	0.927981	0.671987	1.02398	0.959981	1.43997	0.767985	1.02398	1.18398	1.11998	0.927981	0.543989	0.831983	0.767985	0.543989	0.671987	0.415992	0.415992	0.351993	0.255995	0.0639987	0.0959981	0.0639987	0.0319994	0.0319994	0.0319994	0	0	0.0319994	0	0	0.0319994	0.0319994	0.0319994	0	0	0	0	0	0	0	0	0	0	0	0	0	0	0	0	0	0	83	2	0	4	972.3	4.99	3.97	0	0	0	0	0	75	84.1	2.614	2.949	30.4	29.5	240	0000 0000 0000 0000	0.911954	1.04922	0.959592	0.723394	1.48796	1.46597(#/cmł)
96	05/16/23	18:38:25	dN/dlogDp	0.539989	0.223996	0.319994	0.351993	0.351993	0.287994	0.223996	0.383992	0.575988	0.351993	0.351993	0.191996	0.47999	0.383992	0.319994	0.383992	0.287994	0.415992	0.287994	0.191996	0.191996	0.0319994	0.127997	0.0639987	0	0	0.0319994	0	0	0	0	0	0	0	0	0	0.0319994	0	0	0	0	0	0	0	0	0	0	0	0	0	0	0	17	0	0	1	972.2	4.98	3.98	0	0	0	0	0	75	84.1	2.608	2.95	30.4	29.5	240	0000 0000 0000 0000	1.0753	1.22023	1.10428	0.897687	1.541	0.348993(#/cmł)
97	05/16/23	18:39:25	dN/dlogDp	0.595988	0.223996	0.255995	0.255995	0.383992	0.415992	0.383992	0.223996	0.223996	0.47999	0.287994	0.383992	0.287994	0.191996	0.191996	0.319994	0.287994	0.159997	0.0319994	0.255995	0.159997	0.0639987	0.0959981	0.0639987	0	0.0639987	0.0319994	0	0	0	0	0	0	0.0639987	0	0	0	0	0	0	0	0	0	0	0	0	0	0	0	0	0	0	12	0	0	1	972.2	4.99	3.96	0	0	0	0	0	75	84.1	2.609	2.947	30.5	29.5	240	0000 0000 0000 0000	1.01309	1.21527	1.07825	0.964662	1.588	0.329993(#/cmł)
98	05/16/23	18:40:25	dN/dlogDp	0.539989	0.255995	0.319994	0.223996	0.319994	0.383992	0.351993	0.319994	0.0639987	0.191996	0.51199	0.0959981	0.255995	0.319994	0.351993	0.223996	0.223996	0.351993	0.351993	0.255995	0.127997	0.0319994	0.0639987	0	0	0	0	0.0319994	0	0	0	0	0	0	0	0	0	0	0	0	0	0	0	0	0	0	0	0	0	0	0	0	15	0	0	0	972.1	4.99	3.98	0	0	0	0	0	75	84.1	2.608	2.947	30.5	29.5	240	0000 0000 0000 0000	1.05664	1.1809	1.07725	1.03663	1.53476	0.310994(#/cmł)
99	05/16/23	18:41:25	dN/dlogDp	0.579988	0.319994	0.415992	0.351993	0.223996	0.255995	0.383992	0.287994	0.223996	0.319994	0.47999	0.319994	0.575988	0.255995	0.287994	0.223996	0.47999	0.415992	0.319994	0.127997	0.0319994	0.0319994	0.0319994	0.0319994	0.0639987	0	0	0.0319994	0	0	0	0	0	0.0319994	0	0	0	0	0	0	0	0	0	0	0	0	0	0	0	0	0	0	15	0	0	1	971.9	4.99	3.98	0	0	0	0	0	75	84.1	2.61	2.942	30.5	29.5	240	0000 0000 0000 0000	1.0753	1.18276	1.07385	1.19709	1.5358	0.348993(#/cmł)
100	05/16/23	18:42:25	dN/dlogDp	0.527989	0.127997	0.319994	0.255995	0.255995	0.287994	0.319994	0.319994	0.319994	0.223996	0.287994	0.351993	0.351993	0.159997	0.223996	0.47999	0.51199	0.223996	0.191996	0.0639987	0.0959981	0.127997	0.127997	0	0.0319994	0	0	0	0.0319994	0	0	0	0	0	0	0	0	0	0	0	0	0	0	0	0	0	0	0	0	0	0	0	9	0	0	0	972	4.98	3.97	0	0	0	0	0	75	84.1	2.61	2.951	30.7	29.5	240	0000 0000 0000 0000	1.10448	1.2049	1.10322	1.59634	1.5167	0.309994(#/cmł)
101	05/16/23	18:43:25	dN/dlogDp	0.707986	0.159997	0.159997	0.319994	0.47999	0.351993	0.255995	0.319994	0.415992	0.351993	0.383992	0.255995	0.447991	0.351993	0.383992	0.447991	0.351993	0.287994	0.287994	0.383992	0.287994	0.319994	0.223996	0.0959981	0.0959981	0.223996	0.223996	0.0639987	0.159997	0.0639987	0.0639987	0.0639987	0.0319994	0	0.0319994	0.0319994	0	0.0639987	0	0	0	0.0319994	0	0	0	0	0	0	0	0	0	0	36	3	0	1	972.1	4.98	3.98	0	0	0	0	0	75	84.1	2.608	2.95	30.6	29.5	240	0000 0000 0000 0000	1.33017	1.67281	1.38952	0.67317	1.78833	0.441991(#/cmł)
102	05/16/23	18:44:25	dN/dlogDp	0.615988	0.319994	0.223996	0.191996	0.319994	0.159997	0.223996	0.319994	0.159997	0.383992	0.351993	0.543989	0.287994	0.191996	0.351993	0.255995	0.287994	0.351993	0.415992	0.255995	0.159997	0.127997	0.159997	0.223996	0.127997	0.223996	0.319994	0.223996	0.191996	0.127997	0.191996	0.0639987	0.0959981	0.127997	0.0959981	0.0959981	0.127997	0.0319994	0	0.0639987	0	0.0319994	0	0.0319994	0	0	0	0	0	0	0	0	19	0	0	1	972.4	4.99	3.96	0	0	0	0	0	75	84.1	2.61	2.947	30.6	29.5	240	0000 0000 0000 0000	1.51418	2.1309	1.63866	1.11397	2.02099	0.417992(#/cmł)
103	05/16/23	18:45:25	dN/dlogDp	0.431991	0.127997	0.255995	0.223996	0.127997	0.223996	0.255995	0.223996	0.319994	0.191996	0.383992	0.223996	0.127997	0.127997	0.351993	0.383992	0.255995	0.255995	0.191996	0.159997	0.287994	0.159997	0.415992	0.287994	0.223996	0.287994	0.191996	0.191996	0.351993	0.191996	0.191996	0.319994	0.159997	0.255995	0.0959981	0.0959981	0.0959981	0.0639987	0.159997	0.0639987	0.0319994	0.0319994	0.0319994	0.0319994	0	0.0319994	0.0319994	0	0	0	0	0	18	0	0	1	971.7	4.98	3.97	0	0	0	0	0	75	84.1	2.609	2.946	30.7	29.5	240	0000 0000 0000 0000	1.99779	2.69175	2.0084	2.45824	2.14793	0.379992(#/cmł)
104	05/16/23	18:46:25	dN/dlogDp	0.571989	0.159997	0.255995	0.255995	0.319994	0.287994	0.383992	0.351993	0.47999	0.351993	0.319994	0.383992	0.383992	0.319994	0.159997	0.287994	0.47999	0.383992	0.191996	0.351993	0.383992	0.447991	0.223996	0.351993	0.191996	0.159997	0.159997	0.223996	0.287994	0.159997	0.255995	0.223996	0.0959981	0.255995	0.191996	0.0959981	0.223996	0.0639987	0.0639987	0.0319994	0.0959981	0.0959981	0.0319994	0	0	0	0	0	0	0	0	0	15	0	0	1	972.2	4.98	3.98	0	0	0	0	0	75	84.1	2.612	2.948	30.6	29.5	240	0000 0000 0000 0000	1.66618	2.39363	1.79524	0.897687	2.10136	0.468991(#/cmł)
105	05/16/23	18:47:25	dN/dlogDp	0.623988	0.0639987	0.255995	0.255995	0.319994	0.191996	0.159997	0.255995	0.351993	0.255995	0.127997	0.191996	0.351993	0.255995	0.351993	0.383992	0.415992	0.287994	0.287994	0.0959981	0.351993	0.255995	0.287994	0.255995	0.383992	0.415992	0.447991	0.415992	0.351993	0.159997	0.223996	0.319994	0.191996	0.383992	0.0959981	0.159997	0.0319994	0.127997	0.0319994	0.0319994	0.0639987	0.0639987	0.0959981	0.0319994	0	0.0319994	0	0	0	0	0	0	34	0	0	1	972	4.98	3.97	0	0	0	0	0	75	84.1	2.61	2.95	30.7	29.5	240	0000 0000 0000 0000	2.13151	2.71213	2.07451	3.27812	2.09252	0.470991(#/cmł)
106	05/16/23	18:48:25	dN/dlogDp	0.571989	0.0959981	0.0959981	0.159997	0.223996	0.159997	0.191996	0.287994	0.255995	0.47999	0.223996	0.287994	0.159997	0.127997	0.223996	0.351993	0.351993	0.415992	0.255995	0.223996	0.383992	0.47999	0.287994	0.351993	0.415992	0.51199	0.575988	0.51199	0.447991	0.415992	0.543989	0.543989	0.319994	0.447991	0.223996	0.159997	0.127997	0.0959981	0.127997	0.319994	0.127997	0.127997	0.0639987	0	0	0	0	0	0	0	0	0	27	0	0	2	972.3	4.99	3.97	0	0	0	0	0	75	84.1	2.614	2.951	30.7	29.5	240	0000 0000 0000 0000	2.74806	3.15169	2.47455	3.27812	2.06216	0.52399(#/cmł)
107	05/16/23	18:49:25	dN/dlogDp	0.795984	0.319994	0.191996	0.191996	0.255995	0.127997	0.351993	0.223996	0.0639987	0.287994	0.319994	0.319994	0.255995	0.447991	0.191996	0.223996	0.639987	0.287994	0.735985	0.575988	0.319994	0.351993	0.51199	0.639987	0.639987	0.51199	0.51199	0.255995	0.863983	0.767985	0.607988	0.895982	0.543989	0.735985	0.415992	0.383992	0.191996	0.127997	0.415992	0.159997	0.191996	0.191996	0.0319994	0.0639987	0	0	0	0	0	0	0	0	56	1	0	3	972.2	4.98	3.97	0	0	0	0	0	75	84.1	2.61	2.95	30.9	29.5	240	0000 0000 0000 0000	2.84752	3.31973	2.61721	4.69759	2.07277	0.709986(#/cmł)
