Sample File	C:\Users\Ramangroup\Desktop\KevinMeasurements\TSI-SMPS\20240527_SMPS3938_firsttry.S82	    	User Name 	Ramangroup	    	Lab ID		    	Instrument ID	
AIM Version	10.3.3.1
Classifier Model	3082       	Classifier S/N	3082002406001   	  	    	Classifier Firmware Version	3.10   	    	Leak Test and Leakage Rate		
Neutralizer Model	3088       	Neutralizer S/N	3088012202002
Impactor (cm)	None       	Impactor S/N	
DMA Model	3081       	DMA S/N	3081A2311003
DMA Inner Radius(cm)	0.937
DMA Outer Radius(cm)	1.961
DMA Characteristic Length(cm)	44.369
HV Polarity	NEG	
Detector Model	3775 Low Flow       	Detector S/N	3775115103	 
Detector Sample Flow (L/min)	0.30       	Detector Inlet Flow (L/min)	0.30
Reference Gas Viscosity (Pa*s)	1.83245e-005
Reference Mean Free Path (m)	6.73e-008
Reference Gas Temperature (K)	296.15
Reference Gas Pressure (kPa)	101.30
Sutherland Constant (K)	110.40
Tube Length(cm)	24.80
Tube Diameter(cm)	0.48
Channels/Decade	64
Multiple Charge Correction	FALSE
Nanoparticle Agglomerate Mobility Analysis	FALSE
Diffusion Correction	FALSE
Start Date	End Date	Start Year	End Year	T-Sheath(K)	P-Sheath(hPa)	# of size bins	1.02	1.06	1.09	1.13	1.18	1.22	1.26	1.31	1.36	1.41	1.46	1.51	1.57	1.63	1.68	1.75	1.81	1.88	1.95	2.02	2.09	2.17	2.25	2.33	2.41	2.50	2.59	2.69	2.79	2.89	3.00	3.11	3.22	3.34	3.46	3.59	3.72	3.85	4.00	4.14	4.29	4.45	4.61	4.78	4.96	5.14	5.33	5.52	5.73	5.94	6.15	6.38	6.61	6.85	7.10	7.37	7.64	7.91	8.20	8.51	8.82	9.14	9.47	9.82	 10.2	 10.6	 10.9	 11.3	 11.8	 12.2	 12.6	 13.1	 13.6	 14.1	 14.6	 15.1	 15.7	 16.3	 16.8	 17.5	 18.1	 18.8	 19.5	 20.2	 20.9	 21.7	 22.5	 23.3	 24.1	 25.0	 25.9	 26.9	 27.9	 28.9	 30.0	 31.1	 32.2	 33.4	 34.6	 35.9	 37.2	 38.5	 40.0	 41.4	 42.9	 44.5	 46.1	 47.8	 49.6	 51.4	 53.3	 55.2	 57.3	 59.4	 61.5	 63.8	 66.1	 68.5	 71.0	 73.7	 76.4	 79.1	 82.0	 85.1	 88.2	 91.4	 94.7	 98.2	101.8	105.5	109.4	113.4	117.6	121.9	126.3	131.0	135.8	140.7	145.9	151.2	156.8	162.5	168.5	174.7	181.1	187.7	194.6	201.7	209.1	216.7	224.7	232.9	241.4	250.3	259.5	269.0	278.8	289.0	299.6	310.6	322.0	333.8	346.0	358.7	371.8	385.4	399.5	414.2	429.4	445.1	461.4	478.3	495.8	514.0	532.8	552.3	572.5	593.5	615.3	637.8	661.2	685.4	710.5	736.5	763.5	791.5	820.5	850.5	881.7	914.0	947.5	982.2	1.02	1.06	1.09	1.13	1.18	1.22	1.26	1.31	1.36	1.41	1.46	1.51	1.57	1.63	1.68	1.75	1.81	1.88	1.95	2.02	2.09	2.17	2.25	2.33	2.41	2.50	2.59	2.69	2.79	2.89	3.00	3.11	3.22	3.34	3.46	3.59	3.72	3.85	4.00	4.14	4.29	4.45	4.61	4.78	4.96	5.14	5.33	5.52	5.73	5.94	6.15	6.38	6.61	6.85	7.10	7.37	7.64	7.91	8.20	8.51	8.82	9.14	9.47	9.82	 10.2	 10.6	 10.9	 11.3	 11.8	 12.2	 12.6	 13.1	 13.6	 14.1	 14.6	 15.1	 15.7	 16.3	 16.8	 17.5	 18.1	 18.8	 19.5	 20.2	 20.9	 21.7	 22.5	 23.3	 24.1	 25.0	 25.9	 26.9	 27.9	 28.9	 30.0	 31.1	 32.2	 33.4	 34.6	 35.9	 37.2	 38.5	 40.0	 41.4	 42.9	 44.5	 46.1	 47.8	 49.6	 51.4	 53.3	 55.2	 57.3	 59.4	 61.5	 63.8	 66.1	 68.5	 71.0	 73.7	 76.4	 79.1	 82.0	 85.1	 88.2	 91.4	 94.7	 98.2	101.8	105.5	109.4	113.4	117.6	121.9	126.3	131.0	135.8	140.7	145.9	151.2	156.8	162.5	168.5	174.7	181.1	187.7	194.6	201.7	209.1	216.7	224.7	232.9	241.4	250.3	259.5	269.0	278.8	289.0	299.6	310.6	322.0	333.8	346.0	358.7	371.8	385.4	399.5	414.2	429.4	445.1	461.4	478.3	495.8	514.0	532.8	552.3	572.5	593.5	615.3	637.8	661.2	685.4	710.5	736.5	763.5	791.5	820.5	850.5	881.7	914.0	947.5	982.2	Mean Free Path (m)	Gas Viscosity (Pa*s)	Sheath Flow R.H. (%)	Neutralizer Status	
147.497581019	147.498344907	2024	2024	299.55	961.0	192	0.00	0.00	0.00	0.00	0.00	0.00	0.00	0.00	0.00	0.00	0.00	0.00	0.00	0.00	0.00	0.00	0.00	0.00	0.00	0.00	0.00	0.00	0.00	0.00	0.00	0.00	0.00	0.00	0.00	0.00	0.00	0.00	0.00	0.00	0.00	0.00	0.00	0.00	0.00	0.00	0.00	0.00	0.00	0.00	0.00	0.00	0.00	0.00	0.00	0.00	0.00	0.00	0.00	0.00	0.00	0.00	0.00	0.00	0.00	0.00	0.00	0.00	0.00	0.00	0.00	0.00	0.00	0.00	0.00	0.00	0.00	0.00	0.00	0.00	0.00	0.00	0.00	0.00	0.00	0.00	616.7	338.3	715.7	1.41e+03	566.6	1.63e+03	1.29e+03	1.93e+03	1.79e+03	874.6	1.50e+03	2.45e+03	2.02e+03	2.18e+03	1.80e+03	3.10e+03	2.35e+03	1.84e+03	2.15e+03	2.14e+03	2.70e+03	2.52e+03	1.85e+03	1.58e+03	1.22e+03	1.28e+03	1.34e+03	1.56e+03	2.34e+03	1.28e+03	1.38e+03	1.76e+03	1.83e+03	1.89e+03	2.17e+03	2.09e+03	2.47e+03	2.43e+03	1.67e+03	1.71e+03	2.18e+03	2.12e+03	2.59e+03	2.12e+03	2.41e+03	3.19e+03	2.28e+03	1.96e+03	3.25e+03	2.23e+03	3.17e+03	2.51e+03	2.53e+03	2.14e+03	2.22e+03	1.65e+03	1.37e+03	1.81e+03	1.78e+03	1.68e+03	1.81e+03	1.63e+03	1.30e+03	1.22e+03	1.54e+03	1.25e+03	790.6	690.3	646.4	920.7	572.6	556.4	942.4	526.8	510.5	405.6	210.6	142.4	 71.9	219.0	 74.1	 74.8	 76.0	0.00	0.00	159.5	0.00	 82.0	0.00	169.7	 86.4	 87.9	 89.0	0.00	0.00	0.00	0.00	0.00	0.00	0.00	0.00	0.00	0.00	0.00	0.00	0.00	0.00	0.00	0.00	0.00	0.00	0.00	999	999	999	999	999	999	999	999	999	999	999	999	999	999	999	999	999	999	999	999	999	999	999	999	999	999	999	999	999	999	999	999	999	999	999	999	999	999	999	999	999	999	999	999	999	999	999	999	999	999	999	999	999	999	999	999	999	999	999	999	999	999	999	999	999	999	999	999	999	999	999	999	999	999	999	999	999	999	999	999	0	0	0	0	0	0	0	0	0	0	0	0	0	0	0	0	0	0	0	0	0	0	0	0	0	0	0	0	0	0	0	0	0	0	0	0	0	0	0	0	0	0	0	0	0	0	0	0	0	0	0	0	0	0	0	0	0	0	0	0	0	0	0	0	0	0	0	0	0	0	0	0	0	0	0	0	0	0	0	0	0	0	0	0	0	0	0	0	0	0	0	0	0	0	0	999	999	999	999	999	999	999	999	999	999	999	999	999	999	999	999	999	7.19779e-008	1.84864e-005	39.3	ON	
147.500324074	147.501087963	2024	2024	299.65	961.0	192	0.00	0.00	0.00	0.00	0.00	0.00	0.00	0.00	0.00	0.00	0.00	0.00	0.00	0.00	0.00	0.00	0.00	0.00	0.00	0.00	0.00	0.00	0.00	0.00	0.00	0.00	0.00	0.00	0.00	0.00	0.00	0.00	0.00	0.00	0.00	0.00	0.00	0.00	0.00	0.00	0.00	0.00	0.00	0.00	0.00	0.00	0.00	0.00	0.00	0.00	0.00	0.00	0.00	0.00	0.00	0.00	0.00	0.00	0.00	0.00	0.00	0.00	0.00	0.00	0.00	0.00	0.00	0.00	0.00	0.00	0.00	0.00	0.00	0.00	0.00	0.00	0.00	0.00	0.00	0.00	1.40e+03	1.18e+03	817.3	1.26e+03	610.7	1.18e+03	1.43e+03	2.56e+03	1.79e+03	1.69e+03	1.38e+03	2.13e+03	904.5	1.55e+03	1.52e+03	1.85e+03	1.89e+03	1.28e+03	2.61e+03	2.02e+03	1.84e+03	1.53e+03	1.70e+03	2.62e+03	1.81e+03	2.47e+03	1.42e+03	1.47e+03	1.93e+03	1.51e+03	1.21e+03	1.56e+03	1.35e+03	2.24e+03	1.64e+03	2.22e+03	1.58e+03	1.81e+03	1.45e+03	2.79e+03	2.16e+03	3.01e+03	2.20e+03	2.13e+03	2.66e+03	2.84e+03	2.25e+03	3.09e+03	2.08e+03	2.58e+03	2.59e+03	3.10e+03	1.69e+03	1.30e+03	2.22e+03	2.02e+03	2.02e+03	1.49e+03	1.98e+03	1.56e+03	747.4	1.19e+03	2.05e+03	1.64e+03	1.29e+03	1.28e+03	660.8	691.9	744.0	429.1	462.8	600.4	563.7	338.7	457.4	399.5	449.4	 60.8	0.00	292.0	296.4	 74.9	152.0	133.0	178.8	159.5	 80.6	0.00	0.00	0.00	241.2	106.1	0.00	0.00	0.00	0.00	0.00	0.00	0.00	0.00	0.00	0.00	0.00	0.00	0.00	0.00	0.00	0.00	0.00	0.00	0.00	0.00	999	999	999	999	999	999	999	999	999	999	999	999	999	999	999	999	999	999	999	999	999	999	999	999	999	999	999	999	999	999	999	999	999	999	999	999	999	999	999	999	999	999	999	999	999	999	999	999	999	999	999	999	999	999	999	999	999	999	999	999	999	999	999	999	999	999	999	999	999	999	999	999	999	999	999	999	999	999	999	999	0	0	0	0	0	0	0	0	0	0	0	0	0	0	0	0	0	0	0	0	0	0	0	0	0	0	0	0	0	0	0	0	0	0	0	0	0	0	0	0	0	0	0	0	0	0	0	0	0	0	0	0	0	0	0	0	0	0	0	0	0	0	0	0	0	0	0	0	0	0	0	0	0	0	0	0	0	0	0	0	0	0	0	0	0	0	0	0	0	0	0	0	0	0	0	999	999	999	999	999	999	999	999	999	999	999	999	999	999	999	999	999	7.20084e-008	1.84911e-005	39.3	ON	
147.501736111	147.502500000	2024	2024	299.65	960.0	192	0.00	0.00	0.00	0.00	0.00	0.00	0.00	0.00	0.00	0.00	0.00	0.00	0.00	0.00	0.00	0.00	0.00	0.00	0.00	0.00	0.00	0.00	0.00	0.00	0.00	0.00	0.00	0.00	0.00	0.00	0.00	0.00	0.00	0.00	0.00	0.00	0.00	0.00	0.00	0.00	0.00	0.00	0.00	0.00	0.00	0.00	0.00	0.00	0.00	0.00	0.00	0.00	0.00	0.00	0.00	0.00	0.00	0.00	0.00	0.00	0.00	0.00	0.00	0.00	0.00	0.00	0.00	0.00	0.00	0.00	0.00	0.00	0.00	0.00	0.00	0.00	0.00	0.00	0.00	0.00	525.8	676.7	653.9	631.3	458.1	885.6	1.43e+03	1.04e+03	1.26e+03	1.57e+03	1.13e+03	981.1	949.2	919.2	898.0	919.3	693.3	332.9	581.8	566.7	308.3	854.4	1.01e+03	427.3	262.0	341.1	419.0	409.6	322.2	237.7	155.1	381.5	375.6	295.9	510.0	143.5	212.2	322.4	440.0	272.2	754.7	387.7	395.2	391.6	454.8	193.2	401.8	552.9	126.5	251.8	378.2	253.2	243.7	186.3	248.4	248.3	248.3	310.3	310.2	124.6	0.00	125.1	188.4	189.2	126.6	 63.9	 64.1	0.00	 65.0	0.00	0.00	200.2	0.00	0.00	137.8	0.00	0.00	 71.2	0.00	0.00	0.00	0.00	0.00	0.00	0.00	0.00	0.00	0.00	0.00	0.00	0.00	0.00	0.00	0.00	0.00	0.00	0.00	0.00	0.00	0.00	0.00	0.00	0.00	0.00	0.00	0.00	0.00	0.00	0.00	0.00	0.00	0.00	999	999	999	999	999	999	999	999	999	999	999	999	999	999	999	999	999	999	999	999	999	999	999	999	999	999	999	999	999	999	999	999	999	999	999	999	999	999	999	999	999	999	999	999	999	999	999	999	999	999	999	999	999	999	999	999	999	999	999	999	999	999	999	999	999	999	999	999	999	999	999	999	999	999	999	999	999	999	999	999	0	0	0	0	0	0	0	0	0	0	0	0	0	0	0	0	0	0	0	0	0	0	0	0	0	0	0	0	0	0	0	0	0	0	0	0	0	0	0	0	0	0	0	0	0	0	0	0	0	0	0	0	0	0	0	0	0	0	0	0	0	0	0	0	0	0	0	0	0	0	0	0	0	0	0	0	0	0	0	0	0	0	0	0	0	0	0	0	0	0	0	0	0	0	0	999	999	999	999	999	999	999	999	999	999	999	999	999	999	999	999	999	7.20834e-008	1.84911e-005	39.3	ON	
147.502685185	147.503449074	2024	2024	299.75	960.0	192	0.00	0.00	0.00	0.00	0.00	0.00	0.00	0.00	0.00	0.00	0.00	0.00	0.00	0.00	0.00	0.00	0.00	0.00	0.00	0.00	0.00	0.00	0.00	0.00	0.00	0.00	0.00	0.00	0.00	0.00	0.00	0.00	0.00	0.00	0.00	0.00	0.00	0.00	0.00	0.00	0.00	0.00	0.00	0.00	0.00	0.00	0.00	0.00	0.00	0.00	0.00	0.00	0.00	0.00	0.00	0.00	0.00	0.00	0.00	0.00	0.00	0.00	0.00	0.00	0.00	0.00	0.00	0.00	0.00	0.00	0.00	0.00	0.00	0.00	0.00	0.00	0.00	0.00	0.00	0.00	0.00	0.00	0.00	0.00	0.00	0.00	0.00	0.00	0.00	0.00	0.00	0.00	0.00	0.00	0.00	0.00	0.00	0.00	0.00	0.00	0.00	 93.5	0.00	0.00	 87.3	0.00	0.00	0.00	0.00	0.00	0.00	0.00	0.00	0.00	0.00	0.00	0.00	0.00	 69.0	0.00	 67.4	0.00	0.00	0.00	0.00	0.00	0.00	0.00	 63.2	 63.0	0.00	0.00	0.00	0.00	0.00	0.00	0.00	0.00	0.00	 62.3	0.00	0.00	0.00	0.00	0.00	0.00	 64.1	0.00	0.00	0.00	0.00	0.00	0.00	0.00	0.00	0.00	0.00	0.00	0.00	0.00	0.00	0.00	0.00	0.00	0.00	0.00	0.00	0.00	0.00	0.00	0.00	0.00	0.00	0.00	0.00	0.00	0.00	0.00	0.00	0.00	0.00	0.00	0.00	0.00	0.00	0.00	0.00	0.00	0.00	0.00	0.00	0.00	999	999	999	999	999	999	999	999	999	999	999	999	999	999	999	999	999	999	999	999	999	999	999	999	999	999	999	999	999	999	999	999	999	999	999	999	999	999	999	999	999	999	999	999	999	999	999	999	999	999	999	999	999	999	999	999	999	999	999	999	999	999	999	999	999	999	999	999	999	999	999	999	999	999	999	999	999	999	999	999	0	0	0	0	0	0	0	0	0	0	0	0	0	0	0	0	0	0	0	0	0	0	0	0	0	0	0	0	0	0	0	0	0	0	0	0	0	0	0	0	0	0	0	0	0	0	0	0	0	0	0	0	0	0	0	0	0	0	0	0	0	0	0	0	0	0	0	0	0	0	0	0	0	0	0	0	0	0	0	0	0	0	0	0	0	0	0	0	0	0	0	0	0	0	0	999	999	999	999	999	999	999	999	999	999	999	999	999	999	999	999	999	7.21140e-008	1.84959e-005	39.3	ON	
147.504016204	147.504780093	2024	2024	299.75	961.0	192	0.00	0.00	0.00	0.00	0.00	0.00	0.00	0.00	0.00	0.00	0.00	0.00	0.00	0.00	0.00	0.00	0.00	0.00	0.00	0.00	0.00	0.00	0.00	0.00	0.00	0.00	0.00	0.00	0.00	0.00	0.00	0.00	0.00	0.00	0.00	0.00	0.00	0.00	0.00	0.00	0.00	0.00	0.00	0.00	0.00	0.00	0.00	0.00	0.00	0.00	0.00	0.00	0.00	0.00	0.00	0.00	0.00	0.00	0.00	0.00	0.00	0.00	0.00	0.00	0.00	0.00	0.00	0.00	0.00	0.00	0.00	0.00	0.00	0.00	0.00	0.00	0.00	0.00	0.00	0.00	175.3	411.8	582.8	789.1	1.22e+03	2.66e+03	1.57e+03	2.01e+03	2.60e+03	3.00e+03	3.49e+03	3.27e+03	3.87e+03	4.72e+03	6.06e+03	6.20e+03	7.18e+03	7.75e+03	7.18e+03	8.70e+03	8.84e+03	7.74e+03	8.22e+03	7.68e+03	9.53e+03	8.91e+03	8.42e+03	8.32e+03	8.92e+03	7.51e+03	7.22e+03	6.40e+03	6.61e+03	6.16e+03	5.98e+03	5.83e+03	6.93e+03	6.50e+03	5.92e+03	6.05e+03	5.64e+03	5.63e+03	5.17e+03	6.78e+03	5.72e+03	6.03e+03	5.66e+03	5.04e+03	4.94e+03	5.02e+03	5.04e+03	4.99e+03	4.81e+03	4.36e+03	4.53e+03	4.09e+03	3.77e+03	3.42e+03	3.89e+03	3.80e+03	3.82e+03	3.48e+03	3.06e+03	2.46e+03	3.53e+03	3.35e+03	3.06e+03	3.13e+03	1.91e+03	1.77e+03	1.69e+03	1.07e+03	1.06e+03	1.38e+03	973.8	755.7	940.5	875.3	957.6	876.0	518.7	248.0	356.3	386.1	365.3	300.9	207.5	246.0	166.8	339.4	 86.4	263.8	 89.0	181.3	0.00	0.00	0.00	0.00	0.00	0.00	0.00	0.00	0.00	0.00	0.00	0.00	0.00	0.00	0.00	0.00	0.00	0.00	999	999	999	999	999	999	999	999	999	999	999	999	999	999	999	999	999	999	999	999	999	999	999	999	999	999	999	999	999	999	999	999	999	999	999	999	999	999	999	999	999	999	999	999	999	999	999	999	999	999	999	999	999	999	999	999	999	999	999	999	999	999	999	999	999	999	999	999	999	999	999	999	999	999	999	999	999	999	999	999	0	0	0	0	0	0	0	0	0	0	0	0	0	0	0	0	0	0	0	0	0	0	0	0	0	0	0	0	0	0	0	0	0	0	0	0	0	0	0	0	0	0	0	0	0	0	0	0	0	0	0	0	0	0	0	0	0	0	0	0	0	0	0	0	0	0	0	0	0	0	0	0	0	0	0	0	0	0	0	0	0	0	0	0	0	0	0	0	0	0	0	0	0	0	0	999	999	999	999	999	999	999	999	999	999	999	999	999	999	999	999	999	7.20389e-008	1.84959e-005	39.3	ON	
147.505115741	147.505879630	2024	2024	299.75	962.0	192	0.00	0.00	0.00	0.00	0.00	0.00	0.00	0.00	0.00	0.00	0.00	0.00	0.00	0.00	0.00	0.00	0.00	0.00	0.00	0.00	0.00	0.00	0.00	0.00	0.00	0.00	0.00	0.00	0.00	0.00	0.00	0.00	0.00	0.00	0.00	0.00	0.00	0.00	0.00	0.00	0.00	0.00	0.00	0.00	0.00	0.00	0.00	0.00	0.00	0.00	0.00	0.00	0.00	0.00	0.00	0.00	0.00	0.00	0.00	0.00	0.00	0.00	0.00	0.00	0.00	0.00	0.00	0.00	0.00	0.00	0.00	0.00	0.00	0.00	0.00	0.00	0.00	0.00	0.00	0.00	1.24e+05	2.29e+05	3.54e+05	5.01e+05	6.46e+05	8.21e+05	9.82e+05	1.11e+06	1.27e+06	1.45e+06	1.68e+06	1.94e+06	2.22e+06	2.65e+06	3.24e+06	3.74e+06	4.29e+06	4.89e+06	5.57e+06	6.03e+06	6.69e+06	7.23e+06	7.73e+06	8.32e+06	8.73e+06	9.27e+06	9.71e+06	9.92e+06	1.02e+07	1.05e+07	1.08e+07	1.10e+07	1.10e+07	8.37e+06	7.07e+06	6.50e+06	6.35e+06	6.27e+06	6.30e+06	6.04e+06	5.90e+06	6.00e+06	5.88e+06	5.80e+06	6.32e+06	8.62e+06	8.85e+06	8.51e+06	8.24e+06	7.88e+06	7.54e+06	7.24e+06	7.00e+06	6.59e+06	6.25e+06	5.85e+06	5.57e+06	5.20e+06	4.91e+06	4.62e+06	4.31e+06	4.00e+06	3.73e+06	3.42e+06	3.15e+06	2.96e+06	2.69e+06	2.50e+06	2.31e+06	2.12e+06	1.94e+06	1.77e+06	1.59e+06	1.42e+06	1.26e+06	1.11e+06	9.69e+05	8.25e+05	7.05e+05	6.04e+05	5.07e+05	4.17e+05	3.40e+05	2.73e+05	2.28e+05	1.86e+05	1.53e+05	1.22e+05	9.52e+04	8.05e+04	6.56e+04	5.50e+04	3.98e+04	3.95e+04	2.90e+04	0.00	0.00	0.00	0.00	0.00	0.00	0.00	0.00	0.00	0.00	0.00	0.00	0.00	0.00	0.00	0.00	0.00	999	999	999	999	999	999	999	999	999	999	999	999	999	999	999	999	999	999	999	999	999	999	999	999	999	999	999	999	999	999	999	999	999	999	999	999	999	999	999	999	999	999	999	999	999	999	999	999	999	999	999	999	999	999	999	999	999	999	999	999	999	999	999	999	999	999	999	999	999	999	999	999	999	999	999	999	999	999	999	999	0	0	0	0	0	0	0	0	0	0	0	0	0	0	0	0	0	0	0	0	0	0	0	0	0	0	0	0	0	0	0	0	0	0	0	0	0	0	0	0	0	0	0	0	0	0	0	0	0	0	0	0	0	0	0	0	0	0	0	0	0	0	0	0	0	0	0	0	0	0	0	0	0	0	0	0	0	0	0	0	0	0	0	0	0	0	0	0	0	0	0	0	0	0	0	999	999	999	999	999	999	999	999	999	999	999	999	999	999	999	999	999	7.19641e-008	1.84959e-005	39.4	ON	
