Sample File	C:\Users\Ramangroup\Desktop\KevinMeasurements\TSI-SMPS\20240527_SMPS3938_firsttry.S82	
AIM Version	10.3.3.1
Classifier Model	3082       	Classifier S/N	3082002406001   	Classifier Firmware Version	3.10
Neutralizer Model	3088	Neutralizer S/N	3088012202002
Impactor (cm)	None	Impactor S/N	
DMA Model	3081	DMA S/N	3081A2311003
DMA Inner Radius (cm)	0.937
DMA Outer Radius (cm)	1.961
DMA Characteristic Length (cm)	44.369
HV Polarity	NEG	
Detector Model	3775 Low Flow	Detector S/N	3775115103	 
Detector Sample Flow (L/min)	0.30	Detector Inlet Flow (L/min)	0.30
Reference Gas Viscosity (Pa*s)	1.832450e-005
Reference Mean Free Path (m)	6.730000e-008
Reference Gas Temperature (K)	296.15
Reference Gas Pressure (kPa)	101.30
Sutherland Constant (K)	110.40
Tube Length (cm)	24.80
Tube Diameter (cm)	0.48
Channels/Decade	64
Multiple Charge Correction	FALSE
Nanoparticle Agglomerate Mobility Analysis	FALSE
Diffusion Correction	FALSE
Units	dw/dlogDp
Weight	Number
Sample #	Date	Start Time	Sample Temp (C)	Sample Pressure (kPa)	Relative Humidity (%)	Mean Free Path (m)	Gas Viscosity (Pa*s)	Diameter Midpoint (nm)	 18.1	 18.8	 19.5	 20.2	 20.9	 21.7	 22.5	 23.3	 24.1	 25.0	 25.9	 26.9	 27.9	 28.9	 30.0	 31.1	 32.2	 33.4	 34.6	 35.9	 37.2	 38.5	 40.0	 41.4	 42.9	 44.5	 46.1	 47.8	 49.6	 51.4	 53.3	 55.2	 57.3	 59.4	 61.5	 63.8	 66.1	 68.5	 71.0	 73.7	 76.4	 79.1	 82.0	 85.1	 88.2	 91.4	 94.7	 98.2	101.8	105.5	109.4	113.4	117.6	121.9	126.3	131.0	135.8	140.7	145.9	151.2	156.8	162.5	168.5	174.7	181.1	187.7	194.6	201.7	209.1	216.7	224.7	232.9	241.4	250.3	259.5	269.0	278.8	289.0	299.6	310.6	322.0	333.8	346.0	358.7	371.8	385.4	399.5	414.2	429.4	445.1	461.4	478.3	495.8	514.0	532.8	Scan Time (s)	Retrace Time (s)	Scan Resolution (Hz)	Scans Per Sample	Sheath Flow (L/min)	Aerosol Flow (L/min)	Bypass Flow (L/min)	Low Voltage (V)	High Voltage (V)	Lower Size (nm)	Upper Size (nm)	Density (g/cmł)	td + 0.5 (s)	tf (s)	D50 (nm)	Neutralizer Status 	Median (nm)	Mean (nm)	Geo. Mean (nm)	Mode (nm)	Geo. Std. Dev.	Total Conc. (#/cmł)	Title	User Name	Sample ID	Instrument ID	Lab ID	Leak Test and Leakage Rate	Instrument Errors	Comment
1	5/27/2024	13:56:31	26.4	96.1	39.3	7.19779e-008	1.84864e-005		616.698	338.276	715.706	1406.023	566.587	1625.996	1285.105	1927.511	1789.716	874.590	1499.431	2452.377	2015.027	2184.365	1795.677	3104.181	2354.370	1842.142	2154.070	2140.973	2699.219	2524.166	1851.714	1581.948	1222.378	1278.988	1340.580	1556.029	2335.560	1278.515	1384.535	1757.356	1829.194	1894.355	2172.376	2086.504	2473.237	2430.222	1673.657	1713.148	2175.276	2117.121	2588.974	2123.352	2411.472	3187.564	2283.597	1956.583	3247.251	2225.801	3166.422	2506.196	2531.370	2140.764	2217.668	1649.446	1365.306	1814.673	1784.009	1681.654	1806.061	1625.832	1298.978	1217.627	1544.616	1251.824	790.557	690.253	646.353	920.691	572.566	556.353	942.448	526.831	510.548	405.637	210.586	142.432	71.911	218.954	74.094	74.846	76.013	0.000	0.000	159.502	0.000	81.983	0.000	169.695	86.358	87.923	88.995	0.000	0.000	60	6	50	1	3.000	0.300	0.00	11.85	8756.43	 17.8	542.5	1.000	2.81	7.52	1.00e+03	ON	69.300	85.666	67.399	101.815	2.008	2.059336e+003		Ramangroup					Normal Scan	
2	5/27/2024	14:00:28	26.5	96.1	39.3	7.20084e-008	1.84911e-005		1401.967	1184.020	817.330	1262.390	610.712	1182.221	1429.409	2562.176	1793.003	1693.857	1383.807	2130.718	904.471	1553.507	1516.032	1847.763	1892.976	1279.340	2605.740	2024.012	1837.880	1533.446	1695.168	2622.887	1806.066	2472.779	1424.540	1474.131	1932.897	1505.143	1206.296	1559.560	1352.081	2236.104	1643.071	2220.315	1575.008	1811.882	1447.012	2792.217	2157.054	3005.170	2201.671	2125.861	2664.318	2844.629	2245.672	3092.907	2081.686	2575.233	2590.374	3104.269	1689.105	1299.068	2221.840	2024.207	2023.743	1494.813	1976.059	1560.953	747.367	1188.175	2050.816	1636.403	1290.935	1277.167	660.776	691.860	743.973	429.082	462.833	600.416	563.737	338.736	457.421	399.517	449.382	60.797	0.000	291.956	296.390	74.850	152.034	132.970	178.751	159.499	80.628	0.000	0.000	0.000	241.219	106.129	0.000	0.000	0.000	60	6	50	1	3.000	0.300	0.00	11.85	8757.93	 17.8	542.5	1.000	2.81	7.52	1.00e+03	ON	71.559	85.837	67.093	113.419	2.029	1.999475e+003		Ramangroup					Normal Scan	
3	5/27/2024	14:02:30	26.5	96.0	39.3	7.20834e-008	1.84911e-005		525.799	676.692	653.923	631.281	458.093	885.586	1431.060	1044.161	1261.045	1568.418	1127.903	981.110	949.162	919.236	897.969	919.337	693.303	332.938	581.794	566.679	308.255	854.396	1010.631	427.349	261.976	341.106	418.999	409.551	322.184	237.674	155.075	381.549	375.613	295.883	509.984	143.539	212.151	322.358	440.028	272.199	754.682	387.694	395.211	391.623	454.790	193.161	401.797	552.854	126.473	251.807	378.171	253.227	243.724	186.309	248.367	248.327	248.275	310.284	310.220	124.597	0.000	125.084	188.399	189.178	126.640	63.866	64.134	0.000	64.969	0.000	0.000	200.165	0.000	0.000	137.802	0.000	0.000	71.231	0.000	0.000	0.000	0.000	0.000	0.000	0.000	0.000	0.000	0.000	0.000	0.000	0.000	0.000	0.000	0.000	0.000	60	6	50	1	3.000	0.300	0.00	11.84	8756.08	 17.8	542.5	1.000	2.81	7.52	1.00e+03	ON	34.614	53.926	42.364	25.029	1.920	5.077976e+002		Ramangroup					Normal Scan	
4	5/27/2024	14:03:52	26.6	96.0	39.3	7.21140e-008	1.84959e-005		0.000	0.000	0.000	0.000	0.000	0.000	0.000	0.000	0.000	0.000	0.000	0.000	0.000	0.000	0.000	0.000	0.000	0.000	0.000	0.000	0.000	93.507	0.000	0.000	87.330	0.000	0.000	0.000	0.000	0.000	0.000	0.000	0.000	0.000	0.000	0.000	0.000	0.000	69.029	0.000	67.415	0.000	0.000	0.000	0.000	0.000	0.000	0.000	63.240	62.956	0.000	0.000	0.000	0.000	0.000	0.000	0.000	0.000	0.000	62.302	0.000	0.000	0.000	0.000	0.000	0.000	64.138	0.000	0.000	0.000	0.000	0.000	0.000	0.000	0.000	0.000	0.000	0.000	0.000	0.000	0.000	0.000	0.000	0.000	0.000	0.000	0.000	0.000	0.000	0.000	0.000	0.000	0.000	0.000	0.000	60	6	50	1	3.000	0.300	0.00	11.83	8757.58	 17.8	542.5	1.000	2.81	7.52	1.00e+03	ON	76.432	91.927	79.358	38.542	1.724	8.904940e+000		Ramangroup					Normal Scan	
5	5/27/2024	14:05:47	26.6	96.1	39.3	7.20389e-008	1.84959e-005		175.253	411.815	582.840	789.111	1221.503	2656.560	1574.054	2010.053	2598.014	2997.069	3488.422	3266.225	3866.893	4716.494	6064.966	6197.416	7184.069	7746.874	7181.962	8696.332	8844.334	7741.971	8216.703	7683.959	9531.840	8907.424	8421.459	8318.447	8923.129	7514.001	7217.094	6397.261	6613.401	6155.694	5981.914	5830.318	6926.514	6503.524	5918.564	6048.325	5641.891	5626.754	5173.752	6775.864	5715.400	6026.363	5656.751	5035.253	4935.689	5018.138	5040.982	4990.040	4808.866	4355.581	4533.564	4093.574	3768.149	3420.702	3894.559	3802.992	3824.307	3481.366	3055.534	2456.451	3531.183	3351.690	3061.991	3133.945	1912.203	1768.774	1691.677	1067.507	1057.811	1378.462	973.791	755.673	940.522	875.335	957.571	875.973	518.726	248.032	356.268	386.138	365.286	300.851	207.451	245.976	166.799	339.427	86.367	263.798	89.004	181.340	0.000	60	6	50	1	3.000	0.300	0.00	11.85	8759.43	 17.8	542.5	1.000	2.81	7.52	1.00e+03	ON	59.662	82.428	65.697	42.935	1.912	5.677248e+003		Ramangroup					Normal Scan	
6	5/27/2024	14:07:22	26.6	96.2	39.4	7.19641e-008	1.84959e-005		123758.692	229222.968	353984.322	500647.225	646409.717	820566.696	982150.030	1109074.859	1268007.805	1452268.849	1681166.096	1936863.935	2220936.764	2651671.756	3238356.922	3741704.469	4286910.825	4891554.382	5572469.952	6033498.124	6689957.601	7234528.123	7728143.147	8323514.058	8727015.222	9266253.980	9708221.800	9923212.935	10242546.586	10524097.639	10827682.154	10989842.413	10972364.435	8374093.303	7067910.507	6503651.339	6346516.558	6266222.341	6296363.551	6043381.427	5902326.263	6004598.460	5884199.086	5795929.433	6323035.946	8616050.443	8854501.968	8509758.098	8242549.884	7876591.227	7537648.757	7235909.652	7003199.634	6594546.688	6254588.666	5847720.242	5566493.038	5202379.836	4909322.826	4621469.607	4308034.899	4004389.678	3731364.962	3423352.180	3153972.963	2956067.435	2689518.648	2498914.951	2310339.340	2119159.097	1935895.490	1774502.111	1590802.019	1418729.010	1257694.673	1106733.333	969084.626	824809.091	705160.364	603534.535	506612.867	416861.026	339713.602	272565.681	228008.032	186229.656	153254.979	121604.155	95245.310	80530.248	65646.064	54954.547	39819.168	39537.042	28977.007	60	6	50	1	3.000	0.300	0.00	11.86	8761.27	 17.8	542.5	1.000	2.81	7.52	1.00e+03	ON	68.156	87.644	72.996	55.232	1.808	6.102987e+006		Ramangroup					Detector photometric mode enabled	
