Sample File	C:\Users\Ramangroup\Desktop\KevinMeasurements\TSI-SMPS\20240619_AerosolPraktikum_Versuch2_posttest.S82	
AIM Version	10.3.3.1
Classifier Model	3082       	Classifier S/N	3082002406001   	Classifier Firmware Version	3.10
Neutralizer Model	None	Neutralizer S/N	  
Impactor (cm)	None	Impactor S/N	
DMA Model	3081	DMA S/N	3081A2311003
DMA Inner Radius (cm)	0.937
DMA Outer Radius (cm)	1.961
DMA Characteristic Length (cm)	44.369
HV Polarity	NEG	
Detector Model	3775 Low Flow	Detector S/N	3775115103	 
Detector Sample Flow (L/min)	0.30	Detector Inlet Flow (L/min)	0.30
Reference Gas Viscosity (Pa*s)	1.832450e-005
Reference Mean Free Path (m)	6.730000e-008
Reference Gas Temperature (K)	296.15
Reference Gas Pressure (kPa)	101.30
Sutherland Constant (K)	110.40
Tube Length (cm)	24.50
Tube Diameter (cm)	0.48
Channels/Decade	64
Multiple Charge Correction	FALSE
Nanoparticle Agglomerate Mobility Analysis	FALSE
Diffusion Correction	FALSE
Units	dw/dlogDp
Weight	Number
Sample #	Date	Start Time	Sample Temp (C)	Sample Pressure (kPa)	Relative Humidity (%)	Mean Free Path (m)	Gas Viscosity (Pa*s)	Diameter Midpoint (nm)	 18.1	 18.8	 19.5	 20.2	 20.9	 21.7	 22.5	 23.3	 24.1	 25.0	 25.9	 26.9	 27.9	 28.9	 30.0	 31.1	 32.2	 33.4	 34.6	 35.9	 37.2	 38.5	 40.0	 41.4	 42.9	 44.5	 46.1	 47.8	 49.6	 51.4	 53.3	 55.2	 57.3	 59.4	 61.5	 63.8	 66.1	 68.5	 71.0	 73.7	 76.4	 79.1	 82.0	 85.1	 88.2	 91.4	 94.7	 98.2	101.8	105.5	109.4	113.4	117.6	121.9	126.3	131.0	135.8	140.7	145.9	151.2	156.8	162.5	168.5	174.7	181.1	187.7	194.6	201.7	209.1	216.7	224.7	232.9	241.4	250.3	259.5	269.0	278.8	289.0	299.6	310.6	322.0	333.8	346.0	358.7	371.8	385.4	399.5	414.2	429.4	445.1	461.4	478.3	495.8	514.0	532.8	552.3	572.5	593.5	615.3	637.8	661.2	685.4	710.5	736.5	763.5	791.5	820.5	850.5	881.7	914.0	Scan Time (s)	Retrace Time (s)	Scan Resolution (Hz)	Scans Per Sample	Sheath Flow (L/min)	Aerosol Flow (L/min)	Bypass Flow (L/min)	Low Voltage (V)	High Voltage (V)	Lower Size (nm)	Upper Size (nm)	Density (g/cmł)	td + 0.5 (s)	tf (s)	D50 (nm)	Median (nm)	Mean (nm)	Geo. Mean (nm)	Mode (nm)	Geo. Std. Dev.	Total Conc. (#/cmł)	Title	User Name	Sample ID	Instrument ID	Lab ID	Leak Test and Leakage Rate	Instrument Errors	Comment
1	6/19/2024	16:58:18	32.2	95.2	9.6	7.44461e-008	1.87604e-005		0.000	0.000	0.000	0.000	0.000	0.000	0.000	0.000	0.000	0.000	0.000	0.000	0.000	0.000	0.000	0.000	0.000	0.000	0.000	0.000	0.000	0.000	0.000	0.000	0.000	0.000	0.000	0.000	0.000	0.000	0.000	0.000	0.000	0.000	0.000	19.694	0.000	0.000	0.000	0.000	0.000	0.000	0.000	0.000	0.000	0.000	0.000	0.000	0.000	0.000	17.291	17.288	0.000	51.606	68.796	137.571	549.193	1041.525	1898.049	3043.966	43918.396	72513.998	67648.517	44397.653	34599.124	34746.663	34392.217	27996.220	12528.383	21279.392	34488.990	43797.026	47233.080	49247.353	50503.736	53799.772	58079.825	58268.931	63197.219	59594.040	56970.982	52243.176	48581.964	45386.411	40750.084	40409.222	40985.133	41506.528	43578.970	45481.333	47371.577	47347.281	48988.003	48454.702	47573.559	46859.023	46412.458	46692.288	44004.242	40946.565	41929.482	38539.032	36019.306	31532.797	29264.660	26058.609	22938.162	21563.954	18525.463	15096.656	170	6	50	1	2.100	0.300	0.00	10.22	9817.47	 17.8	930.6	1.000	2.80	 10.3	1.00e+03	348.142	400.094	356.315	162.531	1.625	3.314199e+004		Ramangroup					Neutralizer not active	
2	6/19/2024	17:01:57	32.2	95.2	9.6	7.44461e-008	1.87604e-005		1219.033	1366.109	682.560	395.598	297.224	287.449	159.025	153.959	185.589	36.044	0.000	0.000	32.878	0.000	0.000	0.000	0.000	57.210	0.000	27.151	53.144	0.000	25.312	24.644	24.166	14.298	32.204	22.559	22.157	3.790	50.959	30.368	0.000	0.000	16.228	23.421	19.387	0.000	56.681	0.000	55.545	0.000	0.000	35.948	0.000	17.714	52.883	35.085	17.458	17.374	34.581	69.151	51.615	120.415	209.532	426.764	1014.442	2217.162	4322.390	5512.724	9078.513	11627.410	15769.784	18523.503	23228.073	26833.507	31375.103	35272.906	37841.276	41728.805	42755.244	46909.691	49130.824	52250.120	56009.115	61376.295	62126.825	66463.460	71936.321	74275.843	77084.211	80534.812	84841.713	86861.213	92976.626	94130.747	94367.024	96250.024	94238.192	98350.185	92143.601	92962.296	87983.985	83322.302	83640.461	73807.456	67663.027	64907.312	59117.446	57900.127	51817.516	49259.074	42804.247	38269.670	32734.514	28791.376	27273.774	22235.919	20383.883	18069.917	170	6	50	1	2.100	0.300	0.00	10.22	9817.47	 17.8	930.6	1.000	2.80	 10.3	1.00e+03	400.696	425.733	391.699	445.079	1.528	4.451196e+004		Ramangroup					Neutralizer not active	
3	6/19/2024	17:05:39	32.2	95.2	9.8	7.44461e-008	1.87604e-005		1130.996	603.235	546.053	307.696	254.764	369.577	79.513	76.979	37.116	72.089	0.000	0.000	0.000	0.000	0.000	0.000	0.000	0.000	0.000	27.151	26.572	25.837	0.000	0.000	0.000	0.000	23.118	0.000	0.000	21.769	0.000	0.000	0.000	0.000	20.014	0.000	19.387	0.000	0.000	0.000	0.000	0.000	0.000	0.000	17.886	35.427	35.255	17.542	104.746	121.619	190.196	328.469	412.930	1105.219	3469.218	5944.398	11414.454	20787.345	33026.486	53691.540	76455.179	103775.908	126887.801	142802.456	140869.578	124888.466	104262.729	78081.369	59125.287	40520.391	26723.770	17658.019	12480.762	7824.872	5027.774	3852.725	2835.580	1877.346	1528.126	1202.541	922.704	756.659	884.261	841.006	725.296	565.140	543.194	425.420	672.866	472.177	683.492	440.411	671.738	546.087	328.915	386.805	480.394	344.301	378.817	387.941	363.928	277.452	125.388	316.112	192.945	229.062	166.547	100.827	102.684	69.089	170	6	50	1	2.100	0.300	0.00	10.22	9817.47	 17.8	930.6	1.000	2.80	 10.3	1.00e+03	179.196	184.567	180.773	174.658	1.230	1.916292e+004		Ramangroup					Neutralizer not active	
4	6/19/2024	17:17:20	32.2	95.2	9.5	7.44461e-008	1.87604e-005		0.000	0.000	0.000	0.000	0.000	0.000	0.000	0.000	0.000	0.000	0.000	0.000	0.000	0.000	0.000	0.000	0.000	0.000	0.000	0.000	0.000	0.000	0.000	0.000	0.000	0.000	0.000	0.000	0.000	0.000	0.000	0.000	0.000	0.000	0.000	0.000	0.000	0.000	0.000	0.000	0.000	0.000	18.151	0.000	0.000	17.714	0.000	52.627	139.663	105.568	379.082	674.253	1294.686	2146.384	3581.426	4814.046	8199.028	12419.512	14035.222	15993.172	19399.637	17521.035	15145.695	11953.578	8682.792	6110.142	4138.248	2424.252	1566.223	1041.963	413.351	360.548	192.666	116.785	19.666	99.893	20.191	20.522	20.863	0.000	0.000	0.000	0.000	0.000	0.000	23.324	0.000	0.000	0.000	0.000	0.000	0.000	0.000	0.000	0.000	0.000	0.000	0.000	0.000	0.000	0.000	0.000	0.000	0.000	0.000	32.723	0.000	0.000	0.000	0.000	170	6	50	1	2.100	0.300	0.00	10.22	9817.47	 17.8	930.6	1.000	2.80	 10.3	1.00e+03	157.716	159.353	157.913	156.788	1.142	2.393354e+003		Ramangroup					Neutralizer not active	
5	6/19/2024	17:29:37	32.2	95.3	9.2	7.43679e-008	1.87604e-005		0.000	0.000	0.000	0.000	0.000	0.000	0.000	0.000	0.000	0.000	0.000	0.000	0.000	0.000	0.000	0.000	0.000	0.000	0.000	0.000	0.000	0.000	0.000	0.000	0.000	0.000	0.000	0.000	0.000	0.000	0.000	0.000	0.000	0.000	0.000	0.000	0.000	0.000	0.000	37.400	0.000	0.000	0.000	0.000	17.883	0.000	17.625	17.540	0.000	69.485	103.729	103.715	223.636	292.399	584.702	790.939	983.053	1412.837	1475.383	1148.256	1249.239	843.767	857.452	567.653	598.851	348.092	253.830	419.645	667.311	1097.867	2062.199	2978.510	5190.216	7265.415	9007.856	8651.532	9342.185	8406.498	6248.050	4898.651	3511.851	2593.796	1345.545	1004.854	695.560	466.433	259.749	120.343	98.170	52.393	73.411	0.000	0.000	26.832	0.000	27.625	0.000	0.000	0.000	0.000	0.000	0.000	0.000	0.000	0.000	0.000	0.000	0.000	0.000	0.000	170	6	50	1	2.100	0.300	0.00	10.23	9818.85	 17.8	930.6	1.000	2.80	 10.3	1.00e+03	268.200	261.259	254.144	278.813	1.281	1.382968e+003		Ramangroup					Neutralizer not active	
6	6/19/2024	17:44:37	32.3	95.2	8.9	7.44769e-008	1.87651e-005		0.000	0.000	0.000	0.000	0.000	0.000	0.000	0.000	0.000	0.000	0.000	0.000	0.000	0.000	0.000	0.000	0.000	0.000	0.000	0.000	0.000	0.000	0.000	0.000	0.000	0.000	0.000	0.000	0.000	0.000	0.000	0.000	0.000	0.000	0.000	0.000	0.000	0.000	0.000	0.000	0.000	0.000	0.000	0.000	0.000	0.000	0.000	35.086	17.459	34.749	0.000	0.000	17.206	0.000	17.200	0.000	0.000	0.000	0.000	34.687	52.264	34.999	35.157	35.484	17.823	35.984	108.451	255.479	313.236	763.089	1277.264	2201.997	4096.069	5263.617	6994.465	8913.475	8932.974	7594.918	6559.935	4754.452	3435.464	2708.972	1659.630	1191.836	457.954	186.599	212.558	39.785	57.620	0.000	0.000	25.905	0.000	0.000	0.000	0.000	0.000	0.000	0.000	0.000	0.000	0.000	0.000	0.000	0.000	0.000	33.311	0.000	0.000	0.000	170	6	50	1	2.100	0.300	0.00	10.22	9819.39	 17.8	930.6	1.000	2.80	 10.3	1.00e+03	277.984	281.024	278.639	278.813	1.140	1.068862e+003		Ramangroup					Neutralizer not active	
7	6/19/2024	17:57:53	32.3	95.3	8.8	7.43988e-008	1.87651e-005		0.000	0.000	0.000	0.000	0.000	0.000	0.000	0.000	0.000	0.000	0.000	0.000	0.000	0.000	0.000	0.000	0.000	0.000	0.000	0.000	0.000	0.000	0.000	0.000	0.000	0.000	0.000	0.000	0.000	0.000	0.000	0.000	0.000	0.000	0.000	0.000	0.000	0.000	0.000	0.000	18.514	0.000	0.000	0.000	0.000	0.000	17.626	0.000	0.000	0.000	17.289	0.000	17.204	0.000	0.000	0.000	0.000	17.268	17.345	17.341	0.000	17.497	17.576	17.740	30.705	76.941	198.804	255.452	423.735	706.944	1684.568	2382.165	3599.109	5382.066	7580.480	8154.313	8352.101	7422.478	5732.520	4104.680	2580.307	2284.274	1353.738	822.694	329.912	186.573	212.529	120.350	100.872	71.875	0.000	25.904	0.000	0.000	0.000	0.000	0.000	0.000	0.000	0.000	0.000	0.000	0.000	0.000	0.000	0.000	0.000	0.000	0.000	0.000	170	6	50	1	2.100	0.300	0.00	10.23	9820.77	 17.8	930.6	1.000	2.80	 10.3	1.00e+03	275.718	278.546	276.280	278.813	1.137	1.005492e+003		Ramangroup					Neutralizer not active	
8	6/19/2024	18:01:40	32.3	95.3	8.7	7.43988e-008	1.87651e-005		48.757	0.000	0.000	0.000	0.000	0.000	0.000	0.000	0.000	0.000	0.000	0.000	0.000	0.000	0.000	0.000	0.000	0.000	0.000	0.000	0.000	0.000	0.000	0.000	0.000	0.000	0.000	0.000	0.000	0.000	0.000	0.000	20.679	0.000	0.000	0.000	0.000	0.000	37.782	0.000	18.514	0.000	0.000	0.000	0.000	0.000	17.626	17.541	17.456	17.372	17.289	17.286	0.000	0.000	0.000	17.195	17.191	17.268	0.000	17.341	34.838	2.261	32.881	35.480	53.463	53.968	153.701	330.129	492.107	986.716	1245.785	2344.236	3078.725	4517.389	6414.063	8008.386	7931.367	6413.997	5218.188	4323.959	2539.301	1711.322	1315.997	449.654	526.583	139.930	70.843	72.210	49.088	0.000	0.000	25.904	0.000	0.000	0.000	0.000	0.000	0.000	0.000	0.000	0.000	0.000	0.000	0.000	0.000	0.000	0.000	0.000	0.000	0.000	170	6	50	1	2.100	0.300	0.00	10.23	9820.77	 17.8	930.6	1.000	2.80	 10.3	1.00e+03	275.597	277.104	274.185	268.960	1.174	9.198714e+002		Ramangroup					Neutralizer not active	
9	6/19/2024	18:11:12	32.3	95.4	8.6	7.43208e-008	1.87651e-005		0.000	0.000	0.000	0.000	0.000	0.000	0.000	0.000	0.000	0.000	0.000	0.000	0.000	0.000	0.000	0.000	0.000	0.000	0.000	0.000	0.000	0.000	0.000	0.000	0.000	0.000	0.000	0.000	0.000	0.000	0.000	0.000	0.000	0.000	0.000	0.000	0.000	0.000	0.000	0.000	0.000	0.000	0.000	0.000	0.000	0.000	0.000	0.000	0.000	0.000	0.000	0.000	0.000	0.000	0.000	0.000	0.000	0.000	0.000	0.000	0.000	0.000	0.000	0.000	0.000	0.000	36.141	18.244	0.000	0.000	37.568	0.000	19.262	38.920	39.323	99.871	60.561	61.556	41.717	21.091	0.000	65.480	110.411	44.958	45.782	116.592	94.449	24.067	52.851	120.508	126.861	129.501	0.000	187.812	81.662	82.869	84.755	0.000	220.807	161.728	179.674	63.925	94.020	126.418	32.151	65.432	66.605	0.000	34.221	69.075	170	6	50	1	2.100	0.300	0.00	10.24	9822.14	 17.8	930.6	1.000	2.80	 10.3	1.00e+03	512.049	516.467	484.312	615.265	1.447	4.620105e+001		Ramangroup					Neutralizer not active	
10	6/19/2024	18:17:37	32.3	95.4	8.6	7.43208e-008	1.87651e-005		0.000	0.000	0.000	0.000	0.000	0.000	0.000	0.000	0.000	0.000	0.000	0.000	0.000	0.000	0.000	0.000	0.000	0.000	0.000	0.000	0.000	0.000	0.000	0.000	0.000	0.000	0.000	22.554	0.000	0.000	21.389	0.000	0.000	61.012	20.009	19.691	19.383	76.729	37.779	18.699	0.000	36.655	90.739	71.881	35.764	35.420	0.000	35.077	157.085	121.590	69.150	207.407	154.815	137.587	309.519	464.208	257.840	466.185	489.096	565.662	804.269	699.843	844.546	1160.920	1094.580	1894.068	2153.750	1927.072	2431.536	2834.497	3353.202	3969.208	4447.842	5142.134	7100.119	7442.832	8719.120	9853.469	10601.971	12211.935	13936.889	14783.594	17454.745	18498.599	20163.229	20694.573	22061.768	24268.365	25184.907	25589.057	25481.399	26399.122	27420.547	27047.640	27160.690	27706.515	27043.833	26955.208	25788.545	24727.727	22453.533	22553.432	17892.189	17243.779	17954.187	17449.034	15235.181	13110.813	12449.456	10736.773	170	6	50	1	2.100	0.300	0.00	10.24	9822.14	 17.8	930.6	1.000	2.80	 10.3	1.00e+03	498.018	514.718	482.977	552.316	1.448	1.137711e+004		Ramangroup					Neutralizer not active	
11	6/19/2024	18:29:14	32.3	95.3	8.5	7.43988e-008	1.87651e-005		0.000	0.000	0.000	0.000	0.000	0.000	0.000	0.000	0.000	0.000	0.000	0.000	0.000	0.000	0.000	0.000	0.000	0.000	0.000	0.000	0.000	0.000	0.000	0.000	0.000	0.000	0.000	0.000	0.000	0.000	0.000	0.000	0.000	0.000	0.000	0.000	0.000	0.000	0.000	0.000	18.514	0.000	0.000	0.000	17.884	17.712	0.000	0.000	0.000	0.000	0.000	0.000	17.204	0.000	0.000	0.000	0.000	0.000	17.345	0.000	17.419	34.994	155.427	56.003	119.813	184.877	234.949	704.270	1674.161	6050.434	16274.185	33374.562	58668.524	85557.931	111851.628	129410.346	140293.139	138443.557	132629.610	117885.346	102655.494	86398.680	72317.976	57280.149	47756.438	37514.214	31009.074	23960.771	18865.927	14460.027	11648.190	8793.237	6786.472	4931.995	3513.440	2533.637	1704.205	1548.564	847.201	623.597	693.334	469.727	470.184	94.826	128.620	32.721	166.533	0.000	68.450	103.626	170	6	50	1	2.100	0.300	0.00	10.23	9820.77	 17.8	930.6	1.000	2.80	 10.3	1.00e+03	296.950	309.683	304.606	278.813	1.194	2.361074e+004		Ramangroup					Neutralizer not active	
12	6/19/2024	18:32:32	32.4	95.3	8.5	7.44296e-008	1.87698e-005		2496.446	1969.245	1592.637	1406.553	1019.054	903.385	437.308	384.893	148.461	108.130	140.126	0.000	0.000	64.066	0.000	0.000	0.000	0.000	27.962	27.150	0.000	0.000	0.000	0.000	0.000	0.000	23.117	0.000	0.000	0.000	0.000	21.031	0.000	0.000	0.000	0.000	0.000	0.000	0.000	0.000	0.000	0.000	0.000	0.000	17.885	0.000	0.000	0.000	0.000	0.000	17.290	0.000	0.000	0.000	0.000	0.000	17.192	34.537	17.346	17.342	139.362	52.494	87.885	106.444	302.972	374.236	292.770	538.769	1266.415	3869.845	9461.657	23111.612	43387.762	68641.045	94411.347	121264.472	129822.591	139373.098	131219.276	123393.612	108690.507	95109.007	80171.777	63043.138	51883.871	43253.705	32181.393	27549.902	20659.630	16393.358	12991.696	9784.925	7507.137	5919.740	4115.294	3749.721	2214.480	1834.131	1575.937	686.357	601.575	374.957	282.114	165.930	120.612	98.167	38.800	95.283	68.454	34.544	170	6	50	1	2.100	0.300	0.00	10.23	9822.68	 17.8	930.6	1.000	2.80	 10.3	1.00e+03	302.472	313.680	304.522	289.026	1.339	2.333133e+004		Ramangroup					Neutralizer not active	
13	6/19/2024	18:36:00	32.4	95.3	8.5	7.44296e-008	1.87698e-005		1170.262	1130.514	864.550	791.192	382.143	328.508	44.880	187.481	0.000	0.000	35.031	34.075	32.878	0.000	0.000	0.000	0.000	0.000	0.000	0.000	0.000	0.000	0.000	0.000	0.000	0.000	0.000	22.559	0.000	0.000	0.000	0.000	0.000	0.000	0.000	0.000	0.000	0.000	0.000	37.404	18.515	0.000	18.151	0.000	0.000	0.000	0.000	0.000	34.914	17.373	0.000	0.000	0.000	0.000	34.397	34.391	17.192	0.000	0.000	52.027	87.101	174.984	118.813	270.376	302.972	413.787	402.893	469.141	1256.066	3699.264	10456.069	25234.636	47992.630	72124.676	99722.777	121468.008	137542.538	139600.626	136681.976	125558.281	113180.639	94450.516	80164.116	66437.988	53671.817	42487.079	33808.786	25330.761	21566.543	17789.455	13728.941	9556.229	7802.177	6501.784	4031.752	3442.454	2328.376	1778.191	1022.213	746.033	485.213	431.586	219.422	252.883	160.783	98.167	133.234	0.000	102.688	34.544	170	6	50	1	2.100	0.300	0.00	10.23	9822.68	 17.8	930.6	1.000	2.80	 10.3	1.00e+03	302.104	314.090	307.061	289.026	1.268	2.391579e+004		Ramangroup					Neutralizer not active	
14	6/19/2024	18:39:10	32.4	95.3	8.5	7.44296e-008	1.87698e-005		5330.165	4106.915	3896.391	3120.966	1783.364	1533.439	1020.089	615.817	630.968	288.347	210.188	102.224	98.633	64.066	0.000	0.000	0.000	0.000	0.000	0.000	3.256	22.670	25.311	0.000	24.165	23.555	23.117	0.000	22.156	0.000	0.000	0.000	0.000	0.000	0.000	0.000	0.000	0.000	0.000	18.700	18.515	0.000	0.000	35.947	17.885	0.000	17.627	0.000	0.000	17.373	0.000	0.000	34.409	0.000	34.397	0.000	34.385	17.269	17.346	34.684	34.840	88.252	175.005	265.433	143.258	179.903	315.035	512.668	894.680	2985.724	10140.758	22967.529	44288.002	72686.924	97690.581	123400.007	134861.422	141853.323	137521.010	127546.496	110415.043	95031.041	77981.464	62371.173	51384.275	43641.496	34829.651	26694.190	22883.639	15716.490	13518.291	10047.693	7125.773	5860.566	3705.808	3075.555	2528.441	1836.950	1347.408	895.229	846.658	720.542	680.532	758.674	610.981	425.396	266.474	346.375	331.785	103.631	170	6	50	1	2.100	0.300	0.00	10.23	9822.68	 17.8	930.6	1.000	2.80	 10.3	1.00e+03	301.546	311.783	298.224	289.026	1.460	2.402776e+004		Ramangroup					Neutralizer not active	
