Date	Time	Accum.	Scatter	Current	Sample	Ref.	Temp.	Sheath	Diff.	Box	Purge	Pres.	Aux.	Flow	90.00	94.39	98.99	103.81	108.87	114.17	119.74	125.57	131.69	138.11	144.84	151.90	159.30	167.06	175.20	183.74	192.69	202.09	211.93	222.26	233.09	244.45	256.36	268.86	281.96	295.70	310.11	325.22	341.07	357.69	375.12	393.40	412.57	432.67	453.76	475.87	499.06	523.38	548.89	575.63	603.69	633.10	663.96	696.31	730.24	765.83	803.15	842.29	883.33	926.38	971.52	1018.87	1068.52	1120.59	1175.20	1232.46	1292.52	1355.51	1421.57	1490.84	1563.49	1639.68	1719.59	1803.38	1891.27	1983.43	2080.08	2181.45	2287.75	2399.24	2516.16	2638.77	2767.36	2902.22	3043.65	3191.97	3347.52	3510.65	3681.73	3861.14	4049.30	4246.63	4453.57	4670.60	4898.20	5136.90	5387.23	5649.75	5925.07	6213.81	6516.61	6834.18	7167.22	7516.48	7882.77	8266.91	8669.77	9092.25	9535.33
-	-	Secs	Volts	Volts	sccm	Volts	Volts	sccm	Volts	K	sccm	kPa	Volts	sccm	94.39	98.99	103.81	108.87	114.17	119.74	125.57	131.69	138.11	144.84	151.90	159.30	167.06	175.20	183.74	192.69	202.09	211.93	222.26	233.09	244.45	256.36	268.86	281.96	295.70	310.11	325.22	341.07	357.69	375.12	393.40	412.57	432.67	453.76	475.87	499.06	523.38	548.89	575.63	603.69	633.10	663.96	696.31	730.24	765.83	803.15	842.29	883.33	926.38	971.52	1018.87	1068.52	1120.59	1175.20	1232.46	1292.52	1355.51	1421.57	1490.84	1563.49	1639.68	1719.59	1803.38	1891.27	1983.43	2080.08	2181.45	2287.75	2399.24	2516.16	2638.77	2767.36	2902.22	3043.65	3191.97	3347.52	3510.65	3681.73	3861.14	4049.30	4246.63	4453.57	4670.60	4898.20	5136.90	5387.23	5649.75	5925.07	6213.81	6516.61	6834.18	7167.22	7516.48	7882.77	8266.91	8669.77	9092.25	9535.33	10000.00
7/4/2024	11:36:49.01  PM	10.00	0.417	4.054	49.135	1.550	4.054	629.997	4.054	299.020	0.000	94.645	0.000	0.000	75	23	9	2	1	2	4	1	1	0	0	0	1	4	2	0	1	3	1	1	0	1	2	0	1	1	2	2	0	1	1	0	0	0	1	2	0	0	0	0	0	0	0	1	0	0	0	0	1	2	3	0	2	0	0	0	1	0	0	1	2	1	2	1	0	0	0	0	0	0	0	0	0	0	0	0	0	0	0	0	0	0	0	0	0	0	0	0	0	0	0	0	0	0	0	0	0	0	0
7/4/2024	11:36:59.01  PM	10.00	0.413	4.095	49.620	1.566	4.095	636.215	4.095	302.192	0.000	95.600	0.000	0.000	21	5	2	2	2	1	2	0	1	1	1	0	2	1	0	0	0	1	0	1	3	0	0	0	0	0	1	1	1	0	1	0	1	0	0	0	0	0	0	1	0	1	0	0	0	2	0	0	0	0	1	0	0	0	0	0	0	0	0	0	0	0	0	0	0	0	0	0	0	0	0	0	0	0	0	0	0	0	0	0	0	0	0	0	0	0	0	0	0	0	0	0	0	0	0	0	0	0	0
7/4/2024	11:37:09.02  PM	10.00	0.405	4.095	49.622	1.551	4.095	636.278	4.095	302.218	0.000	95.608	0.000	0.000	16	7	4	6	0	2	1	0	1	0	3	1	0	0	1	1	0	0	0	1	2	0	0	0	1	0	0	0	0	0	0	0	0	1	0	0	0	0	0	0	0	0	0	0	0	0	0	0	0	1	0	0	0	0	0	0	0	0	0	0	0	0	1	0	0	0	0	0	0	0	0	0	0	0	0	0	0	0	0	0	0	0	0	0	0	0	0	0	0	0	0	0	0	0	0	0	0	0	0
7/4/2024	11:37:19.01  PM	10.00	0.408	4.095	49.644	1.563	4.095	636.116	4.095	302.312	0.000	95.606	0.000	0.000	1	3	0	0	1	1	0	2	1	0	0	0	0	0	2	1	0	0	1	0	0	0	1	0	0	0	0	0	0	2	1	0	0	0	0	0	0	0	1	0	0	0	0	0	0	0	0	0	0	0	0	0	0	0	0	0	0	0	0	0	0	0	0	0	0	0	0	0	0	0	0	0	0	0	0	0	0	0	0	0	0	0	0	0	0	0	0	0	0	0	0	0	0	0	0	0	0	0	0
7/4/2024	11:37:29.02  PM	10.00	0.408	4.095	49.611	1.579	4.095	635.982	4.095	302.228	0.000	95.600	0.000	0.000	0	0	0	0	0	0	0	0	0	0	2	0	1	0	0	0	1	0	0	0	1	0	0	0	1	0	1	0	0	1	0	0	0	0	0	0	0	0	0	0	0	0	0	0	0	0	0	0	0	0	0	0	0	0	0	0	0	0	0	0	0	0	0	0	0	0	0	0	0	0	0	0	0	0	0	0	0	0	0	0	0	0	0	0	0	0	0	0	0	0	0	0	0	0	0	0	0	0	0
7/4/2024	11:37:39.02  PM	10.00	0.408	4.095	49.620	1.587	4.095	635.983	4.095	302.053	0.000	95.605	0.000	0.000	2	1	0	0	0	0	1	1	1	0	0	0	1	0	0	1	0	1	0	0	1	0	0	0	1	1	1	0	0	0	0	0	0	0	0	0	0	0	0	0	0	0	0	0	0	0	0	0	0	0	0	0	0	0	0	0	0	0	0	0	0	0	0	0	0	0	0	0	0	0	0	0	0	0	0	0	0	0	0	0	0	0	0	0	0	0	0	0	0	0	0	0	0	0	0	0	0	0	0
7/4/2024	11:37:49.01  PM	10.00	0.408	4.095	49.629	1.590	4.095	636.020	4.095	301.903	0.000	95.602	0.000	0.000	1	1	0	1	0	1	0	0	0	0	0	2	1	1	0	0	0	0	0	0	0	0	3	0	2	0	0	0	1	0	1	1	0	0	0	0	0	0	0	0	0	0	0	0	0	0	0	0	1	0	0	0	0	0	0	0	0	0	0	0	0	0	0	0	0	0	0	0	0	0	0	0	0	0	0	0	0	0	0	0	0	0	0	0	0	0	0	0	0	0	0	0	0	0	0	0	0	0	0
7/4/2024	11:37:59.02  PM	10.00	0.406	4.095	49.623	1.590	4.095	636.035	4.095	301.792	0.000	95.610	0.000	0.000	0	0	0	1	1	0	0	1	1	1	2	1	0	1	0	1	1	1	2	1	0	0	0	0	0	1	1	1	1	0	2	0	0	0	0	0	0	0	0	1	0	0	0	0	0	0	0	0	0	0	0	0	0	0	0	0	0	0	0	0	0	0	0	0	0	0	0	0	0	0	0	0	0	0	0	0	0	0	0	0	0	0	0	0	0	0	0	0	0	0	0	0	0	0	0	0	0	0	0
7/4/2024	11:38:09.02  PM	10.00	0.408	4.095	49.642	1.591	4.095	635.978	4.095	301.780	0.000	95.609	0.000	0.000	0	0	1	0	0	0	1	0	0	0	1	0	0	0	1	2	0	0	0	1	1	1	1	0	1	0	0	0	0	0	1	0	0	0	0	0	0	0	0	0	0	0	0	0	0	0	0	0	0	0	0	0	0	0	0	0	0	0	0	0	0	0	0	0	0	0	0	0	0	0	0	0	0	0	0	0	0	0	0	0	0	0	0	0	0	0	0	0	0	0	0	0	0	0	0	0	0	0	0
7/4/2024	11:38:19.02  PM	10.00	0.408	4.095	49.632	1.590	4.095	635.764	4.095	301.808	0.000	95.612	0.000	0.000	1	0	0	0	0	0	0	0	0	0	1	1	0	0	1	0	0	1	1	1	0	0	0	0	1	0	1	1	0	0	0	1	0	0	0	0	0	1	0	0	0	1	0	0	1	0	0	0	1	0	0	0	0	1	0	0	0	0	0	0	0	0	0	0	0	0	0	0	0	0	0	0	0	0	0	0	0	0	0	0	0	0	0	0	0	0	0	0	0	0	0	0	0	0	0	0	0	0	0
7/4/2024	11:38:29.02  PM	10.00	0.410	4.095	49.618	1.585	4.095	635.711	4.095	301.836	0.000	95.607	0.000	0.000	1	0	0	4	1	1	1	0	0	0	1	2	1	1	0	1	0	3	1	0	2	1	1	1	1	1	2	3	3	0	1	0	0	1	0	0	1	0	0	0	0	0	0	0	0	0	1	0	0	0	0	0	0	0	0	0	0	0	0	0	0	0	0	0	0	0	0	0	0	0	0	0	0	0	0	0	0	0	0	0	0	0	0	0	0	0	0	0	0	0	0	0	0	0	0	0	0	0	0
