Date	Time	Accum.	Scatter	Current	Sample	Ref.	Temp.	Sheath	Diff.	Box	Purge	Pres.	Aux.	Flow	90.00	94.39	98.99	103.81	108.87	114.17	119.74	125.57	131.69	138.11	144.84	151.90	159.30	167.06	175.20	183.74	192.69	202.09	211.93	222.26	233.09	244.45	256.36	268.86	281.96	295.70	310.11	325.22	341.07	357.69	375.12	393.40	412.57	432.67	453.76	475.87	499.06	523.38	548.89	575.63	603.69	633.10	663.96	696.31	730.24	765.83	803.15	842.29	883.33	926.38	971.52	1018.87	1068.52	1120.59	1175.20	1232.46	1292.52	1355.51	1421.57	1490.84	1563.49	1639.68	1719.59	1803.38	1891.27	1983.43	2080.08	2181.45	2287.75	2399.24	2516.16	2638.77	2767.36	2902.22	3043.65	3191.97	3347.52	3510.65	3681.73	3861.14	4049.30	4246.63	4453.57	4670.60	4898.20	5136.90	5387.23	5649.75	5925.07	6213.81	6516.61	6834.18	7167.22	7516.48	7882.77	8266.91	8669.77	9092.25	9535.33
-	-	Secs	Volts	Volts	sccm	Volts	Volts	sccm	Volts	K	sccm	kPa	Volts	sccm	94.39	98.99	103.81	108.87	114.17	119.74	125.57	131.69	138.11	144.84	151.90	159.30	167.06	175.20	183.74	192.69	202.09	211.93	222.26	233.09	244.45	256.36	268.86	281.96	295.70	310.11	325.22	341.07	357.69	375.12	393.40	412.57	432.67	453.76	475.87	499.06	523.38	548.89	575.63	603.69	633.10	663.96	696.31	730.24	765.83	803.15	842.29	883.33	926.38	971.52	1018.87	1068.52	1120.59	1175.20	1232.46	1292.52	1355.51	1421.57	1490.84	1563.49	1639.68	1719.59	1803.38	1891.27	1983.43	2080.08	2181.45	2287.75	2399.24	2516.16	2638.77	2767.36	2902.22	3043.65	3191.97	3347.52	3510.65	3681.73	3861.14	4049.30	4246.63	4453.57	4670.60	4898.20	5136.90	5387.23	5649.75	5925.07	6213.81	6516.61	6834.18	7167.22	7516.48	7882.77	8266.91	8669.77	9092.25	9535.33	10000.00
7/4/2024	11:00:01.37  PM	10.00	0.415	4.095	49.614	1.588	4.095	627.948	4.095	303.536	0.000	95.586	0.000	0.000	113	49	31	8	3	5	3	3	3	3	0	5	1	0	4	3	1	2	2	1	1	0	0	1	2	1	0	2	2	1	3	0	1	2	1	0	1	2	1	0	1	0	1	5	2	1	8	4	8	5	4	0	0	1	2	1	0	2	0	0	1	1	0	0	0	0	0	0	0	0	0	0	0	0	0	0	0	0	0	0	0	0	0	0	0	0	0	0	0	0	0	0	0	0	0	0	0	0	0
7/4/2024	11:00:11.37  PM	10.00	0.450	4.095	49.627	1.589	4.095	627.815	4.095	303.514	0.000	95.585	0.000	0.000	80	26	10	7	3	2	5	1	4	2	1	1	4	0	0	3	0	0	1	2	0	1	0	0	2	1	1	0	0	1	1	0	1	0	0	0	0	1	0	1	0	0	0	0	0	1	1	0	0	0	0	0	0	0	0	0	0	0	0	0	0	1	0	0	0	0	0	0	0	0	0	0	0	0	0	0	0	0	0	0	0	0	0	0	0	0	0	0	0	0	0	0	0	0	0	0	0	0	0
7/4/2024	11:00:21.37  PM	10.00	0.420	4.095	49.632	1.590	4.095	627.778	4.095	303.563	0.000	95.584	0.000	0.000	80	21	18	6	2	3	3	3	2	1	2	2	0	1	2	3	0	0	0	0	1	0	1	1	0	0	0	1	1	0	1	0	0	0	0	0	0	0	1	0	0	0	0	0	0	0	0	0	0	0	0	0	0	0	0	0	0	0	0	0	0	0	0	0	0	0	0	0	0	0	0	0	0	0	0	0	0	0	0	0	0	0	0	0	0	0	0	0	0	0	0	0	0	0	0	0	0	0	0
7/4/2024	11:00:31.38  PM	10.00	0.409	4.095	49.606	1.590	4.095	627.744	4.095	303.502	0.000	95.579	0.000	0.000	57	18	12	5	5	4	3	5	3	1	2	3	3	2	0	4	0	0	1	1	0	0	0	0	0	0	0	0	0	0	0	0	0	0	0	0	0	0	0	1	0	0	0	0	0	0	0	0	0	0	0	0	0	0	0	0	0	0	0	0	0	0	0	0	0	0	0	0	0	0	0	0	0	0	0	0	0	0	0	0	0	0	0	0	0	0	0	0	0	0	0	0	0	0	0	0	0	0	0
7/4/2024	11:00:41.37  PM	10.00	0.409	4.095	49.613	1.593	4.095	627.674	4.095	303.481	0.000	95.587	0.000	0.000	46	25	3	3	5	3	2	4	2	4	7	1	3	1	1	1	0	0	0	0	0	0	1	0	1	2	0	0	1	0	0	0	0	0	0	0	0	0	0	0	0	0	0	0	0	0	0	0	0	1	0	0	0	0	0	0	0	0	0	0	0	0	0	0	0	0	0	0	0	0	0	0	0	0	0	0	0	0	0	0	0	0	0	0	0	0	0	0	0	0	0	0	0	0	0	0	0	0	0
7/4/2024	11:00:51.37  PM	10.00	0.412	4.095	49.626	1.594	4.095	628.231	4.095	303.498	0.000	95.583	0.000	0.000	57	19	15	4	2	5	4	1	2	2	2	1	2	3	0	2	1	1	0	2	0	0	1	1	0	2	0	1	0	0	0	0	0	0	0	0	1	0	0	0	0	0	0	0	0	0	0	0	0	0	0	0	0	0	0	0	0	0	0	0	0	0	0	0	0	0	0	0	0	0	0	0	0	0	0	0	0	0	0	0	0	0	0	0	0	0	0	0	0	0	0	0	0	0	0	0	0	0	0
7/4/2024	11:01:01.38  PM	10.00	0.408	4.095	49.615	1.593	4.095	628.534	4.095	303.415	0.000	95.578	0.000	0.000	72	15	5	5	2	3	2	5	5	5	2	4	2	2	0	1	2	0	1	0	0	0	0	0	0	1	1	0	1	1	1	1	0	0	0	0	0	0	0	0	0	0	0	0	0	0	0	0	0	0	0	0	0	0	0	0	1	0	0	0	0	0	0	0	0	0	0	0	0	0	0	0	0	0	0	0	0	0	0	0	0	0	0	0	0	0	0	0	0	0	0	0	0	0	0	0	0	0	0
7/4/2024	11:01:11.37  PM	10.00	0.408	4.095	49.605	1.592	4.095	628.473	4.095	303.333	0.000	95.583	0.000	0.000	60	22	14	5	7	1	1	7	6	2	6	3	3	1	0	2	0	2	1	0	0	2	1	0	1	0	0	0	0	0	0	1	0	0	0	0	0	1	0	0	0	0	0	0	0	0	0	0	0	0	0	0	0	0	0	0	0	0	0	0	0	0	0	0	0	0	0	0	0	0	0	0	0	0	0	0	0	0	0	0	0	0	0	0	0	0	0	0	0	0	0	0	0	0	0	0	0	0	0
7/4/2024	11:01:21.37  PM	10.00	0.412	4.095	49.630	1.590	4.095	628.525	4.095	303.274	0.000	95.579	0.000	0.000	74	19	15	3	4	2	5	4	3	0	5	2	2	4	1	0	3	0	1	2	1	0	0	0	0	3	0	1	1	2	1	0	0	0	0	0	0	0	0	0	0	0	0	0	0	0	0	0	0	0	0	0	0	0	0	0	0	0	0	0	0	0	0	0	0	0	0	0	0	0	0	0	0	0	0	0	0	0	0	0	0	0	0	0	0	0	0	0	0	0	0	0	0	0	0	0	0	0	0
7/4/2024	11:01:31.38  PM	10.00	0.408	4.095	49.598	1.588	4.095	628.510	4.095	303.295	0.000	95.583	0.000	0.000	70	17	17	3	3	5	2	1	5	2	1	3	4	1	2	1	0	1	1	0	0	1	1	2	1	1	0	0	0	0	0	0	0	0	0	1	0	0	0	0	0	0	0	0	0	0	0	1	0	0	0	0	0	0	0	0	0	0	0	0	0	0	0	0	0	0	0	0	0	0	0	0	0	0	0	0	0	0	0	0	0	0	0	0	0	0	0	0	0	0	0	0	0	0	0	0	0	0	0
7/4/2024	11:01:41.38  PM	10.00	0.408	4.095	49.612	1.590	4.095	628.406	4.095	303.424	0.000	95.581	0.000	0.000	66	22	13	6	5	3	3	3	1	1	4	0	0	2	1	1	3	0	1	1	2	2	2	0	0	0	0	0	0	0	0	0	0	0	0	0	0	0	0	0	0	0	0	0	0	0	0	0	0	0	0	0	0	0	0	0	0	0	0	0	0	0	0	0	0	0	0	0	0	0	0	0	0	0	0	0	0	0	0	0	0	0	0	0	0	0	0	0	0	0	0	0	0	0	0	0	0	0	0
