Date	Time	Accum.	Scatter	Current	Sample	Ref.	Temp.	Sheath	Diff.	Box	Purge	Pres.	Aux.	Flow	90.00	94.39	98.99	103.81	108.87	114.17	119.74	125.57	131.69	138.11	144.84	151.90	159.30	167.06	175.20	183.74	192.69	202.09	211.93	222.26	233.09	244.45	256.36	268.86	281.96	295.70	310.11	325.22	341.07	357.69	375.12	393.40	412.57	432.67	453.76	475.87	499.06	523.38	548.89	575.63	603.69	633.10	663.96	696.31	730.24	765.83	803.15	842.29	883.33	926.38	971.52	1018.87	1068.52	1120.59	1175.20	1232.46	1292.52	1355.51	1421.57	1490.84	1563.49	1639.68	1719.59	1803.38	1891.27	1983.43	2080.08	2181.45	2287.75	2399.24	2516.16	2638.77	2767.36	2902.22	3043.65	3191.97	3347.52	3510.65	3681.73	3861.14	4049.30	4246.63	4453.57	4670.60	4898.20	5136.90	5387.23	5649.75	5925.07	6213.81	6516.61	6834.18	7167.22	7516.48	7882.77	8266.91	8669.77	9092.25	9535.33
-	-	Secs	Volts	Volts	sccm	Volts	Volts	sccm	Volts	K	sccm	kPa	Volts	sccm	94.39	98.99	103.81	108.87	114.17	119.74	125.57	131.69	138.11	144.84	151.90	159.30	167.06	175.20	183.74	192.69	202.09	211.93	222.26	233.09	244.45	256.36	268.86	281.96	295.70	310.11	325.22	341.07	357.69	375.12	393.40	412.57	432.67	453.76	475.87	499.06	523.38	548.89	575.63	603.69	633.10	663.96	696.31	730.24	765.83	803.15	842.29	883.33	926.38	971.52	1018.87	1068.52	1120.59	1175.20	1232.46	1292.52	1355.51	1421.57	1490.84	1563.49	1639.68	1719.59	1803.38	1891.27	1983.43	2080.08	2181.45	2287.75	2399.24	2516.16	2638.77	2767.36	2902.22	3043.65	3191.97	3347.52	3510.65	3681.73	3861.14	4049.30	4246.63	4453.57	4670.60	4898.20	5136.90	5387.23	5649.75	5925.07	6213.81	6516.61	6834.18	7167.22	7516.48	7882.77	8266.91	8669.77	9092.25	9535.33	10000.00
7/5/2024	12:01:10.84  AM	10.00	3.986	4.054	49.125	1.605	4.054	627.609	4.054	299.405	0.000	94.671	0.000	0.000	214	145	101	63	39	33	21	23	13	11	3	9	7	13	21	35	45	51	98	115	170	195	260	271	353	409	346	342	315	294	249	187	102	65	76	106	117	133	159	188	201	248	201	204	249	307	412	644	1438	3434	3882	1810	1889	1856	1951	1838	1738	1454	1215	1041	907	1580	1125	787	502	340	185	153	94	51	45	10	25	13	6	7	6	4	3	0	3	1	0	0	0	1	3	0	1	0	0	0	2	1	3	1	1	0	0
7/5/2024	12:01:20.84  AM	10.00	4.042	4.095	49.644	1.651	4.095	634.309	4.095	302.578	0.000	95.630	0.000	0.000	218	163	94	61	39	27	26	19	12	14	11	11	9	16	18	36	45	62	77	125	168	211	225	302	352	394	373	340	323	262	243	167	103	63	83	103	116	114	143	161	193	230	197	213	277	330	384	553	1292	3288	3827	1673	1619	1849	1959	1886	1779	1505	1268	1155	928	1699	1210	801	523	347	251	143	105	64	36	23	19	13	6	11	6	8	6	1	3	4	2	1	1	0	1	0	3	2	4	1	1	2	0	0	0	0	0
7/5/2024	12:01:30.84  AM	10.00	4.066	4.095	49.639	1.648	4.095	634.508	4.095	302.762	0.000	95.627	0.000	0.000	244	159	107	65	50	26	29	23	17	12	11	6	9	16	16	22	52	52	78	127	177	218	247	273	392	378	364	357	338	301	265	196	105	68	74	92	115	146	157	189	208	181	213	242	238	292	388	567	1379	3463	3761	1818	1751	1895	1846	1851	1697	1454	1288	982	891	1580	1053	743	479	342	203	137	92	52	28	25	22	8	10	7	6	2	3	1	0	1	0	0	1	0	0	0	0	0	0	0	0	0	1	0	0	0	0
7/5/2024	12:01:40.84  AM	10.00	4.031	4.095	49.631	1.624	4.095	634.565	4.095	302.821	0.000	95.630	0.000	0.000	186	133	82	58	45	26	22	8	21	12	4	4	11	16	19	28	34	72	80	130	162	175	233	287	362	369	366	329	329	276	208	168	109	81	63	101	108	116	126	178	195	202	205	222	250	272	382	625	1432	3609	3798	1776	1723	1945	1920	1847	1674	1318	1188	997	803	1423	1095	742	484	291	204	120	79	47	31	30	14	14	7	5	2	3	3	0	0	1	0	1	0	0	0	2	0	1	0	0	1	0	1	2	0	2	0
7/5/2024	12:01:50.84  AM	10.00	4.036	4.095	49.639	1.624	4.095	634.641	4.095	302.876	0.000	95.624	0.000	0.000	239	196	112	82	46	30	26	16	22	10	14	6	6	19	18	29	47	63	91	122	172	180	222	253	307	386	322	312	323	249	201	157	92	62	64	80	102	134	152	152	204	158	197	214	227	312	412	655	1595	3757	4153	1773	1800	1979	1898	1841	1505	1377	1156	939	808	1460	955	673	453	300	211	116	73	50	36	23	14	14	12	4	2	3	3	1	4	1	0	2	0	0	0	2	1	1	2	0	0	1	0	1	1	1	1
7/5/2024	12:02:00.84  AM	10.00	4.006	4.095	49.636	1.611	4.095	634.560	4.095	302.986	0.000	95.621	0.000	0.000	209	178	94	60	45	29	25	16	20	7	8	11	11	17	14	22	42	56	102	125	145	201	208	246	316	371	310	323	260	233	171	128	82	56	70	80	88	93	111	119	105	129	166	160	253	318	537	876	1880	4165	3948	1755	1696	1655	1627	1531	1388	1159	990	804	724	1311	950	647	429	274	197	122	89	41	35	14	17	11	8	5	7	3	3	0	0	1	0	0	0	2	0	1	1	1	1	0	0	1	0	0	0	2	0
7/5/2024	12:02:10.84  AM	10.00	4.056	4.095	49.617	1.633	4.095	634.537	4.095	303.080	0.000	95.628	0.000	0.000	199	137	110	66	58	36	21	13	16	18	8	8	13	15	12	34	45	60	90	124	179	217	245	262	365	370	347	303	282	240	226	157	97	86	54	69	76	100	99	88	126	146	158	183	257	325	597	952	2105	4335	4130	1698	1602	1642	1607	1490	1310	1090	1002	819	685	1269	916	567	377	259	156	114	66	45	25	22	15	6	7	5	1	2	0	1	1	2	0	3	2	1	0	2	1	1	0	0	2	1	0	1	2	1	1
7/5/2024	12:02:20.84  AM	10.00	4.051	4.095	49.642	1.655	4.095	634.313	4.095	303.012	0.000	95.624	0.000	0.000	266	155	99	70	50	34	25	15	17	14	9	13	13	10	23	41	47	76	105	139	189	232	229	321	365	390	350	339	285	284	197	168	92	54	79	68	81	99	128	149	138	163	180	177	241	382	626	1021	2106	4269	4316	1715	1576	1612	1578	1465	1243	1124	910	805	676	1227	899	597	383	240	166	104	79	40	20	17	19	10	7	3	2	5	0	2	0	1	3	1	2	2	4	1	0	0	1	1	2	0	1	0	1	0	1
7/5/2024	12:02:30.84  AM	10.00	3.972	4.095	49.643	1.643	4.095	634.422	4.095	303.005	0.000	95.626	0.000	0.000	209	141	100	62	63	31	30	18	27	12	9	7	11	19	27	34	46	82	94	162	196	216	267	274	359	425	362	316	244	246	177	184	99	52	60	82	82	105	116	122	138	141	170	215	221	415	646	1021	2213	4506	4189	1709	1605	1675	1582	1452	1301	1056	999	819	668	1174	923	576	384	233	178	109	66	35	25	20	14	7	5	5	1	3	0	1	2	3	5	0	4	2	1	3	1	0	1	2	1	0	1	0	1	0	0
7/5/2024	12:02:40.84  AM	10.00	3.962	4.095	49.612	1.615	4.095	634.246	4.095	302.878	0.000	95.623	0.000	0.000	263	168	98	76	58	44	30	17	19	9	7	8	15	11	26	41	43	72	109	144	189	224	264	299	325	387	348	327	301	259	209	164	85	83	84	84	107	122	132	156	148	154	191	215	249	379	636	1030	2222	4463	4213	1750	1675	1696	1544	1494	1280	1081	925	750	647	1165	872	519	393	259	182	111	59	36	26	14	10	10	10	3	1	4	1	1	0	0	1	2	1	0	1	1	1	0	0	0	0	1	0	1	1	1	1
7/5/2024	12:02:50.84  AM	10.00	4.001	4.095	49.623	1.613	4.095	634.332	4.095	302.708	0.000	95.625	0.000	0.000	214	147	83	64	37	25	23	12	14	12	3	7	11	10	27	30	35	68	109	145	166	235	272	279	376	406	346	336	318	272	202	154	77	70	77	77	91	100	131	153	152	159	189	199	246	377	617	903	2135	4372	4147	1745	1663	1675	1588	1504	1269	1116	938	793	676	1187	847	580	342	259	154	108	51	44	20	23	18	13	8	4	2	2	1	0	1	2	1	1	2	2	1	0	0	2	1	1	1	1	1	0	0	2	0
