Date	Time	Accum.	Scatter	Current	Sample	Ref.	Temp.	Sheath	Diff.	Box	Purge	Pres.	Aux.	Flow	90.00	94.39	98.99	103.81	108.87	114.17	119.74	125.57	131.69	138.11	144.84	151.90	159.30	167.06	175.20	183.74	192.69	202.09	211.93	222.26	233.09	244.45	256.36	268.86	281.96	295.70	310.11	325.22	341.07	357.69	375.12	393.40	412.57	432.67	453.76	475.87	499.06	523.38	548.89	575.63	603.69	633.10	663.96	696.31	730.24	765.83	803.15	842.29	883.33	926.38	971.52	1018.87	1068.52	1120.59	1175.20	1232.46	1292.52	1355.51	1421.57	1490.84	1563.49	1639.68	1719.59	1803.38	1891.27	1983.43	2080.08	2181.45	2287.75	2399.24	2516.16	2638.77	2767.36	2902.22	3043.65	3191.97	3347.52	3510.65	3681.73	3861.14	4049.30	4246.63	4453.57	4670.60	4898.20	5136.90	5387.23	5649.75	5925.07	6213.81	6516.61	6834.18	7167.22	7516.48	7882.77	8266.91	8669.77	9092.25	9535.33
-	-	Secs	Volts	Volts	sccm	Volts	Volts	sccm	Volts	K	sccm	kPa	Volts	sccm	94.39	98.99	103.81	108.87	114.17	119.74	125.57	131.69	138.11	144.84	151.90	159.30	167.06	175.20	183.74	192.69	202.09	211.93	222.26	233.09	244.45	256.36	268.86	281.96	295.70	310.11	325.22	341.07	357.69	375.12	393.40	412.57	432.67	453.76	475.87	499.06	523.38	548.89	575.63	603.69	633.10	663.96	696.31	730.24	765.83	803.15	842.29	883.33	926.38	971.52	1018.87	1068.52	1120.59	1175.20	1232.46	1292.52	1355.51	1421.57	1490.84	1563.49	1639.68	1719.59	1803.38	1891.27	1983.43	2080.08	2181.45	2287.75	2399.24	2516.16	2638.77	2767.36	2902.22	3043.65	3191.97	3347.52	3510.65	3681.73	3861.14	4049.30	4246.63	4453.57	4670.60	4898.20	5136.90	5387.23	5649.75	5925.07	6213.81	6516.61	6834.18	7167.22	7516.48	7882.77	8266.91	8669.77	9092.25	9535.33	10000.00
7/4/2024	10:27:59.74  PM	10.00	4.095	4.095	49.627	1.575	4.095	638.021	4.095	303.463	0.000	95.535	0.000	0.000	212	161	119	71	56	49	33	26	23	23	9	16	30	24	30	43	75	95	131	164	197	218	269	282	365	373	323	351	367	298	311	298	185	145	135	145	157	185	192	199	192	207	276	326	449	868	1554	2654	5448	9274	5943	1682	1301	1130	988	806	673	594	505	444	402	801	667	563	397	298	175	104	85	53	45	30	28	25	14	18	10	9	9	4	3	4	2	2	0	0	1	0	2	1	0	0	0	1	1	2	0	1	2
7/4/2024	10:28:09.74  PM	10.00	4.093	4.095	49.647	1.571	4.095	638.345	4.095	303.413	0.000	95.541	0.000	0.000	222	189	112	91	53	55	31	28	26	11	12	24	29	38	46	64	82	95	133	162	200	198	285	286	349	403	354	299	313	280	292	268	220	131	152	157	167	151	199	190	227	202	268	329	464	831	1555	2651	5577	9210	5894	1654	1324	1045	942	798	702	561	500	476	441	813	648	531	393	248	180	118	86	55	50	24	27	19	20	14	14	10	8	4	5	4	1	0	4	1	1	2	0	2	1	0	1	2	0	0	1	1	1
7/4/2024	10:28:19.74  PM	10.00	4.078	4.095	49.614	1.563	4.095	638.464	4.095	303.389	0.000	95.540	0.000	0.000	218	151	114	88	59	38	30	23	26	19	11	15	22	33	28	65	63	115	109	143	195	224	256	284	382	392	347	352	304	305	347	280	193	143	145	142	187	168	205	211	225	228	283	329	511	873	1536	2614	5520	9413	5906	1690	1255	1080	911	783	656	537	491	436	404	749	683	540	430	234	175	109	77	38	47	23	25	19	18	15	13	13	5	5	2	2	2	2	2	1	1	0	1	2	2	0	0	1	1	1	3	1	1
7/4/2024	10:28:29.74  PM	10.00	4.083	4.095	49.642	1.571	4.095	638.455	4.095	303.309	0.000	95.541	0.000	0.000	269	171	102	103	64	55	51	30	27	14	9	11	20	21	46	54	59	76	149	166	193	192	254	277	366	394	314	315	331	315	306	296	197	145	122	168	167	180	183	197	221	212	276	315	473	819	1498	2664	5565	9493	5811	1741	1249	1057	929	753	698	555	496	457	416	815	682	568	380	265	196	120	93	60	30	35	28	23	15	17	16	7	8	6	3	4	5	1	3	3	1	0	2	0	4	2	3	1	3	1	4	1	0
7/4/2024	10:28:39.74  PM	10.00	4.090	4.095	49.624	1.570	4.095	638.355	4.095	303.457	0.000	95.538	0.000	0.000	233	158	119	56	56	28	29	34	29	24	13	19	20	32	29	50	70	99	145	186	210	193	272	261	367	407	391	347	349	334	355	315	173	144	138	167	149	164	183	209	177	262	250	328	501	833	1528	2636	5529	9444	5951	1731	1247	1101	963	793	696	545	486	444	399	828	743	590	391	260	176	125	80	58	30	40	30	23	13	14	12	7	6	5	7	6	2	1	2	2	4	0	1	1	3	0	1	1	0	4	3	0	2
7/4/2024	10:28:49.74  PM	10.00	4.095	4.095	49.638	1.575	4.095	638.374	4.095	303.366	0.000	95.539	0.000	0.000	224	173	108	82	74	42	35	38	28	24	18	9	22	30	29	43	88	112	110	171	186	231	260	280	348	415	355	322	339	345	317	341	185	133	132	170	152	186	176	189	175	209	270	328	506	823	1547	2654	5674	9329	6100	1738	1307	1121	944	745	731	538	511	460	402	770	721	531	381	275	176	104	91	58	25	24	26	32	17	16	10	11	9	5	3	5	1	2	0	0	0	1	2	0	1	0	0	0	1	0	0	0	0
7/4/2024	10:28:59.74  PM	10.00	4.087	4.095	49.625	1.572	4.095	638.431	4.095	303.274	0.000	95.540	0.000	0.000	239	180	120	104	66	49	46	33	34	16	11	14	24	27	41	64	69	93	101	151	205	233	240	318	387	408	404	374	370	374	351	334	193	158	162	156	165	184	183	191	205	242	238	307	515	842	1554	2523	5407	9077	5825	1727	1231	1078	975	804	683	587	508	480	375	805	679	560	374	238	175	111	97	57	32	47	29	25	14	18	11	8	8	2	6	3	3	2	2	1	1	2	2	0	0	0	2	2	2	1	1	0	0
7/4/2024	10:29:09.74  PM	10.00	4.095	4.095	49.611	1.572	4.095	638.521	4.095	303.278	0.000	95.536	0.000	0.000	202	152	118	78	47	41	41	37	34	19	15	18	23	36	46	61	63	108	116	144	202	218	240	280	351	401	380	318	292	323	314	307	198	133	164	147	168	168	152	182	225	192	256	340	519	832	1453	2726	5601	9339	6105	1784	1346	1121	910	802	695	595	492	432	407	789	704	536	354	279	172	98	67	53	47	19	16	21	16	22	18	6	8	4	3	7	5	0	2	2	1	0	1	0	1	0	1	3	1	0	0	1	1
7/4/2024	10:29:19.74  PM	10.00	4.081	4.095	49.632	1.569	4.095	638.579	4.095	303.304	0.000	95.537	0.000	0.000	194	175	133	82	51	50	44	25	32	16	12	24	20	29	32	51	80	111	151	160	178	191	270	297	399	435	370	388	404	363	379	345	206	145	143	156	177	167	181	203	179	209	226	336	448	831	1464	2673	5641	9700	6119	1713	1324	1141	940	846	744	575	489	430	451	731	728	563	417	295	172	110	73	51	36	22	23	30	18	18	12	8	8	4	3	2	2	1	1	1	2	0	0	0	0	0	1	0	0	0	0	0	0
7/4/2024	10:29:29.74  PM	10.00	4.087	4.095	49.623	1.570	4.095	638.583	4.095	303.474	0.000	95.540	0.000	0.000	207	159	125	84	58	36	41	33	29	24	14	16	33	26	34	55	78	85	121	177	215	251	284	298	395	393	393	404	341	367	347	290	198	148	146	139	180	169	180	215	191	220	261	359	478	866	1556	2753	5946	9640	5995	1732	1295	1101	930	794	647	559	497	422	406	770	667	554	397	254	173	133	76	58	50	31	38	20	16	17	9	7	1	4	4	4	0	1	0	1	0	0	0	2	1	2	2	1	3	1	0	1	1
7/4/2024	10:29:39.74  PM	10.00	4.095	4.095	49.631	1.568	4.095	638.507	4.095	303.660	0.000	95.541	0.000	0.000	183	157	96	68	50	48	39	29	27	19	8	15	17	28	43	57	82	106	131	154	198	206	264	275	404	432	340	362	333	356	359	320	205	151	159	148	169	149	186	199	224	204	282	325	532	942	1687	2834	5934	9829	6091	1657	1304	1072	913	781	667	589	551	461	387	788	692	569	431	297	176	111	105	50	40	33	20	22	18	12	9	10	3	6	3	1	2	5	1	1	0	0	1	0	1	1	4	0	1	3	0	0	0
