Date	Time	Accum.	Scatter	Current	Sample	Ref.	Temp.	Sheath	Diff.	Box	Purge	Pres.	Aux.	Flow	90.00	94.39	98.99	103.81	108.87	114.17	119.74	125.57	131.69	138.11	144.84	151.90	159.30	167.06	175.20	183.74	192.69	202.09	211.93	222.26	233.09	244.45	256.36	268.86	281.96	295.70	310.11	325.22	341.07	357.69	375.12	393.40	412.57	432.67	453.76	475.87	499.06	523.38	548.89	575.63	603.69	633.10	663.96	696.31	730.24	765.83	803.15	842.29	883.33	926.38	971.52	1018.87	1068.52	1120.59	1175.20	1232.46	1292.52	1355.51	1421.57	1490.84	1563.49	1639.68	1719.59	1803.38	1891.27	1983.43	2080.08	2181.45	2287.75	2399.24	2516.16	2638.77	2767.36	2902.22	3043.65	3191.97	3347.52	3510.65	3681.73	3861.14	4049.30	4246.63	4453.57	4670.60	4898.20	5136.90	5387.23	5649.75	5925.07	6213.81	6516.61	6834.18	7167.22	7516.48	7882.77	8266.91	8669.77	9092.25	9535.33
-	-	Secs	Volts	Volts	sccm	Volts	Volts	sccm	Volts	K	sccm	kPa	Volts	sccm	94.39	98.99	103.81	108.87	114.17	119.74	125.57	131.69	138.11	144.84	151.90	159.30	167.06	175.20	183.74	192.69	202.09	211.93	222.26	233.09	244.45	256.36	268.86	281.96	295.70	310.11	325.22	341.07	357.69	375.12	393.40	412.57	432.67	453.76	475.87	499.06	523.38	548.89	575.63	603.69	633.10	663.96	696.31	730.24	765.83	803.15	842.29	883.33	926.38	971.52	1018.87	1068.52	1120.59	1175.20	1232.46	1292.52	1355.51	1421.57	1490.84	1563.49	1639.68	1719.59	1803.38	1891.27	1983.43	2080.08	2181.45	2287.75	2399.24	2516.16	2638.77	2767.36	2902.22	3043.65	3191.97	3347.52	3510.65	3681.73	3861.14	4049.30	4246.63	4453.57	4670.60	4898.20	5136.90	5387.23	5649.75	5925.07	6213.81	6516.61	6834.18	7167.22	7516.48	7882.77	8266.91	8669.77	9092.25	9535.33	10000.00
7/5/2024	01:49:55.26  AM	10.00	3.029	4.054	49.127	1.565	4.054	625.582	4.054	299.635	0.000	94.735	0.000	0.000	356	265	194	132	91	61	30	29	28	11	2	11	15	9	8	6	12	13	8	6	22	33	61	92	233	481	628	765	866	908	999	1024	684	483	472	478	500	476	391	399	364	360	330	310	376	447	537	595	867	1140	950	372	305	286	308	248	296	255	229	218	190	374	283	203	135	81	60	32	26	16	9	7	3	2	1	0	3	2	4	1	0	1	0	0	1	0	0	0	0	0	0	1	2	1	1	0	0	0	0
7/5/2024	01:50:05.26  AM	10.00	2.905	4.095	49.634	1.580	4.095	631.925	4.095	302.626	0.000	95.686	0.000	0.000	359	268	158	97	60	39	30	24	29	17	8	5	7	8	4	8	8	10	20	20	29	38	61	76	239	471	645	722	853	949	971	1092	681	459	472	468	435	438	435	408	360	359	293	283	346	451	544	564	760	1216	912	323	319	266	297	291	261	232	225	217	220	367	316	189	146	70	45	38	19	15	10	12	4	2	0	0	1	4	0	4	2	2	1	2	0	1	1	1	2	0	2	2	2	2	2	2	0	0	0
7/5/2024	01:50:15.26  AM	10.00	2.845	4.095	49.610	1.580	4.095	631.892	4.095	302.583	0.000	95.691	0.000	0.000	334	256	173	112	77	41	37	29	24	10	9	13	9	12	9	6	8	6	6	18	38	42	56	80	239	452	580	786	845	934	1028	990	700	463	478	449	459	489	410	392	371	372	321	335	391	463	551	588	812	1121	923	369	318	342	341	283	295	210	242	232	193	398	275	202	121	85	57	33	19	14	6	3	2	2	2	1	2	1	0	0	0	1	2	0	0	0	0	1	1	1	0	1	0	1	0	0	1	0	0
7/5/2024	01:50:25.26  AM	10.00	2.865	4.095	49.644	1.575	4.095	631.878	4.095	302.571	0.000	95.686	0.000	0.000	390	260	193	128	98	46	39	30	21	10	11	10	10	11	7	12	12	15	13	13	17	49	54	100	192	483	627	776	802	968	1037	1043	683	510	506	444	440	440	424	382	399	307	292	318	365	456	545	555	772	1172	946	313	334	307	278	283	286	242	231	222	210	395	294	216	126	78	46	28	16	11	4	3	3	6	1	0	2	2	1	0	0	1	0	1	0	1	2	1	1	0	1	0	1	0	0	0	0	1	0
7/5/2024	01:50:35.26  AM	10.00	2.875	4.095	49.614	1.572	4.095	631.768	4.095	302.569	0.000	95.693	0.000	0.000	357	267	187	145	85	64	50	34	11	24	8	7	10	5	13	19	8	7	11	11	25	33	48	79	224	481	620	791	850	938	1062	1086	717	492	478	494	447	464	451	378	378	341	323	321	382	493	521	569	814	1147	888	366	294	285	280	305	266	257	221	177	165	357	287	179	136	96	42	28	19	18	5	3	5	0	0	0	0	0	0	0	0	2	1	1	0	1	0	0	0	0	0	1	1	0	1	0	0	1	0
7/5/2024	01:50:45.26  AM	10.00	2.822	4.095	49.621	1.566	4.095	631.877	4.095	302.564	0.000	95.690	0.000	0.000	335	316	232	147	100	66	37	22	22	14	14	9	9	10	19	17	13	9	20	16	24	41	55	77	220	483	616	723	751	927	985	1039	673	434	466	445	441	394	396	380	353	307	306	312	378	532	574	615	884	1302	937	331	303	322	314	317	273	276	234	218	196	368	281	198	134	88	44	30	15	9	6	7	0	1	4	0	2	0	1	0	3	1	3	1	0	0	0	0	0	1	0	0	0	0	0	0	0	0	0
7/5/2024	01:50:55.26  AM	10.00	2.998	4.095	49.636	1.556	4.095	631.802	4.095	302.588	0.000	95.689	0.000	0.000	487	320	192	139	99	69	34	19	23	13	11	7	6	13	10	11	21	7	9	16	26	39	64	92	259	401	644	703	806	886	994	1006	663	460	441	465	426	395	362	350	327	318	270	285	376	498	601	614	919	1271	1019	351	323	347	328	312	289	238	245	222	202	435	295	192	135	79	64	26	26	11	12	4	2	1	1	3	1	2	0	1	1	0	0	0	0	1	1	0	1	2	0	1	2	1	1	1	1	1	0
7/5/2024	01:51:05.26  AM	10.00	2.973	4.095	49.637	1.549	4.095	631.901	4.095	302.630	0.000	95.690	0.000	0.000	363	283	201	133	83	60	39	35	30	23	10	5	4	6	9	9	3	12	11	21	24	36	50	93	250	472	621	723	852	914	1014	1092	631	478	454	454	446	419	380	339	349	279	296	303	352	486	565	634	835	1178	947	319	313	288	297	257	296	252	261	203	206	361	280	190	130	64	57	28	25	8	7	1	2	0	2	1	0	0	2	0	0	2	0	1	1	1	0	0	0	1	1	1	0	0	0	1	1	1	1
7/5/2024	01:51:15.26  AM	10.00	2.629	4.095	49.642	1.545	4.095	631.887	4.095	302.663	0.000	95.686	0.000	0.000	410	326	203	149	96	61	49	39	22	13	15	7	12	6	9	7	4	14	17	11	17	33	65	77	251	481	664	766	851	921	1071	1025	680	472	488	456	429	407	416	383	382	328	318	299	340	433	570	561	744	1082	911	332	338	293	300	260	255	241	231	212	176	350	275	190	128	86	48	35	20	12	9	3	2	6	6	2	3	4	1	3	2	4	3	2	1	0	0	2	4	3	0	1	4	2	2	1	1	2	2
7/5/2024	01:51:25.26  AM	10.00	2.749	4.095	49.632	1.546	4.095	631.792	4.095	302.612	0.000	95.693	0.000	0.000	333	251	182	127	82	58	40	25	25	12	8	8	13	10	11	13	7	15	12	17	25	34	60	75	244	513	618	783	847	958	1035	1095	702	480	450	438	443	422	439	368	345	316	318	280	385	427	533	601	768	1228	885	325	297	265	292	256	271	253	224	241	205	355	303	188	106	74	51	25	27	11	3	4	3	2	1	2	0	0	0	0	0	0	1	1	0	0	0	0	0	0	1	0	0	0	0	0	0	0	0
7/5/2024	01:51:35.26  AM	10.00	2.838	4.095	49.625	1.542	4.095	631.877	4.095	302.659	0.000	95.695	0.000	0.000	369	303	164	141	87	64	50	29	25	16	17	11	8	11	10	12	9	10	15	21	27	35	74	97	259	510	657	738	879	929	1080	1085	671	462	450	464	419	425	395	380	311	305	281	329	352	474	571	611	809	1230	915	359	299	327	312	294	279	291	253	188	204	367	281	172	135	89	46	30	22	14	7	2	4	2	2	2	0	1	0	1	1	0	0	0	0	0	0	2	1	0	1	0	1	1	0	0	1	0	0
