Date	Time	Accum.	Scatter	Current	Sample	Ref.	Temp.	Sheath	Diff.	Box	Purge	Pres.	Aux.	Flow	90.00	94.39	98.99	103.81	108.87	114.17	119.74	125.57	131.69	138.11	144.84	151.90	159.30	167.06	175.20	183.74	192.69	202.09	211.93	222.26	233.09	244.45	256.36	268.86	281.96	295.70	310.11	325.22	341.07	357.69	375.12	393.40	412.57	432.67	453.76	475.87	499.06	523.38	548.89	575.63	603.69	633.10	663.96	696.31	730.24	765.83	803.15	842.29	883.33	926.38	971.52	1018.87	1068.52	1120.59	1175.20	1232.46	1292.52	1355.51	1421.57	1490.84	1563.49	1639.68	1719.59	1803.38	1891.27	1983.43	2080.08	2181.45	2287.75	2399.24	2516.16	2638.77	2767.36	2902.22	3043.65	3191.97	3347.52	3510.65	3681.73	3861.14	4049.30	4246.63	4453.57	4670.60	4898.20	5136.90	5387.23	5649.75	5925.07	6213.81	6516.61	6834.18	7167.22	7516.48	7882.77	8266.91	8669.77	9092.25	9535.33
-	-	Secs	Volts	Volts	sccm	Volts	Volts	sccm	Volts	K	sccm	kPa	Volts	sccm	94.39	98.99	103.81	108.87	114.17	119.74	125.57	131.69	138.11	144.84	151.90	159.30	167.06	175.20	183.74	192.69	202.09	211.93	222.26	233.09	244.45	256.36	268.86	281.96	295.70	310.11	325.22	341.07	357.69	375.12	393.40	412.57	432.67	453.76	475.87	499.06	523.38	548.89	575.63	603.69	633.10	663.96	696.31	730.24	765.83	803.15	842.29	883.33	926.38	971.52	1018.87	1068.52	1120.59	1175.20	1232.46	1292.52	1355.51	1421.57	1490.84	1563.49	1639.68	1719.59	1803.38	1891.27	1983.43	2080.08	2181.45	2287.75	2399.24	2516.16	2638.77	2767.36	2902.22	3043.65	3191.97	3347.52	3510.65	3681.73	3861.14	4049.30	4246.63	4453.57	4670.60	4898.20	5136.90	5387.23	5649.75	5925.07	6213.81	6516.61	6834.18	7167.22	7516.48	7882.77	8266.91	8669.77	9092.25	9535.33	10000.00
7/5/2024	12:47:49.89  AM	10.00	0.414	4.054	49.113	1.565	4.054	629.069	4.054	300.126	0.000	94.712	0.000	0.000	51	17	9	5	2	3	0	0	3	2	2	0	0	1	2	2	0	0	0	0	2	0	0	2	0	3	0	3	1	0	0	1	0	0	0	0	1	0	2	1	1	1	1	0	0	0	0	0	0	1	0	0	0	0	2	0	0	1	0	0	0	0	0	1	0	0	0	0	0	0	0	0	0	0	0	0	0	0	0	0	0	0	0	0	0	0	0	0	0	0	0	0	0	0	0	0	0	0	0
7/5/2024	12:47:59.89  AM	10.00	0.417	4.095	49.624	1.582	4.095	635.198	4.095	303.196	0.000	95.668	0.000	0.000	8	3	4	0	0	0	0	1	1	0	1	1	1	1	0	1	1	1	1	1	1	1	0	1	0	0	0	0	0	0	0	2	1	1	0	1	0	0	0	0	0	0	0	0	0	1	0	0	0	0	0	0	0	0	0	0	0	0	1	0	0	0	0	0	0	0	0	0	0	0	0	0	0	0	0	0	0	0	0	0	0	0	0	0	0	0	0	0	0	0	0	0	0	0	0	0	0	0	0
7/5/2024	12:48:09.89  AM	10.00	0.415	4.095	49.647	1.575	4.095	634.603	4.095	303.232	0.000	95.671	0.000	0.000	11	4	4	0	0	0	0	0	2	0	1	0	0	0	2	0	0	0	2	0	2	0	0	0	0	1	0	0	1	1	0	0	0	0	0	0	0	0	0	0	0	0	0	0	0	0	0	0	0	1	0	0	0	0	0	0	0	0	0	0	1	0	0	0	0	0	0	0	0	0	0	0	0	0	0	0	0	0	0	0	0	0	0	0	0	0	0	0	0	0	0	0	0	0	0	0	0	0	0
7/5/2024	12:48:19.89  AM	10.00	0.414	4.095	49.635	1.575	4.095	632.903	4.095	303.490	0.000	95.666	0.000	0.000	7	0	0	0	1	0	3	1	2	1	0	0	0	0	0	0	0	0	0	0	1	1	1	1	1	0	0	0	0	0	0	0	0	0	0	0	0	0	0	0	0	0	0	0	0	0	0	0	0	0	0	0	0	0	0	0	0	0	0	0	0	0	0	0	0	0	0	0	0	0	0	0	0	0	0	0	0	0	0	0	0	0	0	0	0	0	0	0	0	0	0	0	0	0	0	0	0	0	0
7/5/2024	12:48:29.89  AM	10.00	0.414	4.095	49.635	1.573	4.095	632.708	4.095	303.486	0.000	95.668	0.000	0.000	1	4	0	2	0	1	0	0	0	2	1	0	1	1	0	1	1	0	0	0	2	0	1	1	1	2	0	0	1	1	0	1	0	0	0	0	1	0	0	0	0	0	0	0	0	0	0	0	0	0	0	0	0	0	0	0	0	0	0	0	0	0	0	0	0	0	0	0	0	0	0	0	0	0	0	0	0	0	0	0	0	0	0	0	0	0	0	0	0	0	0	0	0	0	0	0	0	0	0
7/5/2024	12:48:39.89  AM	10.00	0.414	4.095	49.632	1.568	4.095	632.656	4.095	303.331	0.000	95.666	0.000	0.000	1	0	0	1	0	0	0	1	0	0	2	1	0	0	1	0	0	0	0	1	0	0	0	1	1	1	0	0	0	0	1	0	0	0	0	0	0	0	0	0	0	0	0	0	0	0	0	0	0	0	0	0	0	0	0	0	0	0	0	0	0	0	0	0	0	0	0	0	0	0	0	0	0	0	0	0	0	0	0	0	0	0	0	0	0	0	0	0	0	0	0	0	0	0	0	0	0	0	0
7/5/2024	12:48:49.89  AM	10.00	0.414	4.095	49.632	1.566	4.095	632.703	4.095	303.191	0.000	95.667	0.000	0.000	0	0	2	1	0	0	0	0	1	1	1	0	0	0	0	1	1	1	1	0	0	1	0	0	0	2	1	2	0	0	0	0	0	1	0	0	0	0	0	0	0	0	0	0	0	0	0	0	0	0	0	0	0	0	0	0	0	0	0	0	0	0	0	0	0	0	0	0	0	0	0	0	0	0	0	0	0	0	0	0	0	0	0	0	0	0	0	0	0	0	0	0	0	0	0	0	0	0	0
7/5/2024	12:48:59.89  AM	10.00	0.413	4.095	49.641	1.565	4.095	632.680	4.095	303.337	0.000	95.668	0.000	0.000	13	6	2	1	1	1	1	1	0	0	1	0	0	0	1	1	0	1	0	0	1	0	0	0	0	2	1	0	1	1	0	0	0	0	0	0	0	0	0	0	0	0	0	0	0	0	0	0	0	0	0	0	0	0	0	0	0	0	0	0	0	0	0	0	0	0	0	0	0	0	0	0	0	0	0	0	0	0	0	0	0	0	0	0	0	0	0	0	0	0	0	0	0	0	0	0	0	0	0
7/5/2024	12:49:09.89  AM	10.00	0.413	4.095	49.626	1.565	4.095	632.755	4.095	303.420	0.000	95.665	0.000	0.000	1	1	2	0	0	0	0	0	0	0	1	0	2	0	1	1	1	1	1	1	0	0	0	0	0	0	1	0	2	1	0	0	1	0	0	0	0	0	0	0	0	1	0	0	0	0	0	0	0	0	0	0	0	0	0	0	0	0	0	0	0	0	0	0	0	0	0	0	0	0	0	0	0	0	0	0	0	0	0	0	0	0	0	0	0	0	0	0	0	0	0	0	0	0	0	0	0	0	0
7/5/2024	12:49:19.89  AM	10.00	0.413	4.095	49.609	1.566	4.095	632.594	4.095	303.253	0.000	95.661	0.000	0.000	0	0	1	0	2	0	1	2	0	1	1	0	0	1	0	1	0	0	0	1	0	0	1	0	1	2	0	0	3	1	1	0	0	0	0	0	0	0	0	0	0	0	0	1	0	0	0	0	0	0	0	0	0	0	0	0	0	0	0	0	0	0	0	0	0	0	0	0	0	0	0	0	0	0	0	0	0	0	0	0	0	0	0	0	0	0	0	0	0	0	0	0	0	0	0	0	0	0	0
7/5/2024	12:49:29.89  AM	10.00	0.412	4.095	49.640	1.559	4.095	632.566	4.095	303.121	0.000	95.671	0.000	0.000	0	0	0	1	1	3	0	0	2	0	1	0	1	0	0	0	1	1	1	0	1	1	0	0	1	1	0	0	3	0	0	0	0	0	0	0	0	0	0	0	0	0	0	0	0	0	0	0	0	0	0	0	0	0	0	0	0	0	0	0	0	0	1	0	0	0	0	0	0	0	0	0	0	0	0	0	0	0	0	0	0	0	0	0	0	0	0	0	0	0	0	0	0	0	0	0	0	0	0
