Date	Time	Accum.	Scatter	Current	Sample	Ref.	Temp.	Sheath	Diff.	Box	Purge	Pres.	Aux.	Flow	90.00	94.39	98.99	103.81	108.87	114.17	119.74	125.57	131.69	138.11	144.84	151.90	159.30	167.06	175.20	183.74	192.69	202.09	211.93	222.26	233.09	244.45	256.36	268.86	281.96	295.70	310.11	325.22	341.07	357.69	375.12	393.40	412.57	432.67	453.76	475.87	499.06	523.38	548.89	575.63	603.69	633.10	663.96	696.31	730.24	765.83	803.15	842.29	883.33	926.38	971.52	1018.87	1068.52	1120.59	1175.20	1232.46	1292.52	1355.51	1421.57	1490.84	1563.49	1639.68	1719.59	1803.38	1891.27	1983.43	2080.08	2181.45	2287.75	2399.24	2516.16	2638.77	2767.36	2902.22	3043.65	3191.97	3347.52	3510.65	3681.73	3861.14	4049.30	4246.63	4453.57	4670.60	4898.20	5136.90	5387.23	5649.75	5925.07	6213.81	6516.61	6834.18	7167.22	7516.48	7882.77	8266.91	8669.77	9092.25	9535.33
-	-	Secs	Volts	Volts	sccm	Volts	Volts	sccm	Volts	K	sccm	kPa	Volts	sccm	94.39	98.99	103.81	108.87	114.17	119.74	125.57	131.69	138.11	144.84	151.90	159.30	167.06	175.20	183.74	192.69	202.09	211.93	222.26	233.09	244.45	256.36	268.86	281.96	295.70	310.11	325.22	341.07	357.69	375.12	393.40	412.57	432.67	453.76	475.87	499.06	523.38	548.89	575.63	603.69	633.10	663.96	696.31	730.24	765.83	803.15	842.29	883.33	926.38	971.52	1018.87	1068.52	1120.59	1175.20	1232.46	1292.52	1355.51	1421.57	1490.84	1563.49	1639.68	1719.59	1803.38	1891.27	1983.43	2080.08	2181.45	2287.75	2399.24	2516.16	2638.77	2767.36	2902.22	3043.65	3191.97	3347.52	3510.65	3681.73	3861.14	4049.30	4246.63	4453.57	4670.60	4898.20	5136.90	5387.23	5649.75	5925.07	6213.81	6516.61	6834.18	7167.22	7516.48	7882.77	8266.91	8669.77	9092.25	9535.33	10000.00
7/4/2024	12:29:59.59  PM	10.00	1.714	4.095	49.623	1.726	4.095	644.431	4.095	301.700	0.000	95.424	0.000	0.000	197	180	168	146	159	172	204	251	413	521	952	1660	2663	3813	4929	6461	7287	6969	5453	4463	4286	4631	4553	4146	4413	3312	1838	1353	877	632	337	193	48	30	23	15	12	10	3	0	1	2	1	0	1	0	1	0	0	0	0	0	0	0	0	0	0	0	0	0	0	0	0	0	0	0	0	0	0	0	0	0	0	0	0	0	0	0	0	0	0	0	0	0	0	0	0	0	0	0	0	0	0	0	0	0	0	0	0
7/4/2024	12:30:09.59  PM	10.00	1.727	4.095	49.648	1.711	4.095	644.407	4.095	301.778	0.000	95.411	0.000	0.000	194	179	148	133	143	166	214	252	402	550	911	1631	2658	3761	4993	6386	7453	7027	5293	4524	4439	4530	4547	4094	4263	3282	1819	1337	886	551	309	167	49	29	15	15	12	6	4	2	1	0	0	0	1	0	0	0	0	0	0	0	0	0	0	0	0	0	0	0	0	0	0	0	0	0	0	0	0	0	0	0	0	0	0	0	0	0	0	0	0	0	0	0	0	0	0	0	0	0	0	0	0	0	0	0	0	0	0
7/4/2024	12:30:19.59  PM	10.00	1.683	4.095	49.641	1.700	4.095	644.325	4.095	301.792	0.000	95.415	0.000	0.000	166	182	142	173	137	193	206	258	444	547	908	1767	2820	3975	5379	6702	7534	7204	5539	4302	4493	4744	4632	4135	4328	3461	1961	1379	890	529	322	142	74	25	24	12	11	8	1	2	2	1	0	2	0	0	0	0	0	0	0	0	0	0	0	0	0	0	0	0	0	0	0	0	0	0	0	0	0	0	0	0	0	0	0	0	0	0	0	0	0	0	0	0	0	0	0	0	0	0	0	0	0	0	0	0	0	0	0
7/4/2024	12:30:29.59  PM	10.00	1.769	4.095	49.641	1.686	4.095	644.277	4.095	301.726	0.000	95.416	0.000	0.000	203	204	162	150	158	169	199	271	412	565	973	1676	2811	3987	5138	6670	7492	7090	5443	4364	4294	4529	4593	4224	4282	3282	1923	1347	902	579	328	168	51	22	25	20	14	7	5	5	2	1	0	1	0	1	0	0	0	0	0	0	0	0	0	0	0	0	0	0	0	0	0	0	0	0	0	0	0	0	0	0	0	0	0	0	0	0	0	0	0	0	0	0	0	0	0	0	0	0	0	0	0	0	0	0	0	0	0
7/4/2024	12:30:39.59  PM	10.00	1.717	4.095	49.635	1.670	4.095	644.172	4.095	301.686	0.000	95.411	0.000	0.000	161	168	151	147	150	181	204	276	403	579	993	1623	2708	3881	5238	6649	7406	7034	5491	4537	4585	4556	4530	4260	4328	3397	1890	1293	949	571	268	157	51	26	21	11	10	5	4	2	3	1	1	0	0	0	0	0	0	0	0	0	0	0	0	0	0	0	0	0	0	0	0	0	0	0	0	0	0	0	0	0	0	0	0	0	0	0	0	0	0	0	0	0	0	0	0	0	0	0	0	0	0	0	0	0	0	0	0
7/4/2024	12:30:49.59  PM	10.00	1.699	4.095	49.624	1.662	4.095	644.258	4.095	301.688	0.000	95.418	0.000	0.000	172	160	178	160	138	153	213	272	441	564	989	1788	2782	4023	5282	6771	7730	7127	5448	4508	4589	4640	4584	4252	4103	3272	1876	1281	892	545	281	155	46	23	22	14	8	4	3	4	3	3	1	0	0	0	0	0	0	0	0	0	0	0	0	0	0	0	0	0	0	0	0	0	0	0	0	0	0	0	0	0	0	0	0	0	0	0	0	0	0	0	0	0	0	0	0	0	0	0	0	0	0	0	0	0	0	0	0
7/4/2024	12:30:59.59  PM	10.00	1.668	4.095	49.633	1.664	4.095	643.980	4.095	301.667	0.000	95.414	0.000	0.000	218	268	218	236	304	374	408	587	807	904	1476	2191	3066	4291	5229	6656	7490	6730	5214	4423	4291	4428	4337	3955	4039	2958	1701	1236	780	530	261	134	58	25	25	14	5	6	1	2	0	2	0	2	0	0	0	0	1	0	0	0	0	0	0	0	0	0	0	0	0	0	0	0	0	0	0	0	0	0	0	0	0	0	0	0	0	0	0	0	0	0	0	0	0	0	0	0	0	0	0	0	0	0	0	0	0	0	0
7/4/2024	12:31:09.59  PM	10.00	1.752	4.095	49.627	1.674	4.095	644.243	4.095	301.587	0.000	95.416	0.000	0.000	188	192	181	138	177	183	228	248	422	582	955	1704	2840	3962	5321	6756	7507	7119	5542	4508	4525	4696	4533	4216	4307	3311	1874	1319	867	541	313	157	59	26	23	24	10	5	4	5	0	1	0	0	1	0	0	0	0	0	0	0	0	0	0	0	0	0	0	0	0	0	0	0	0	0	0	0	0	0	0	0	0	0	0	0	0	0	0	0	0	0	0	0	0	0	0	0	0	0	0	0	0	0	0	0	0	0	0
7/4/2024	12:31:19.59  PM	10.00	1.804	4.095	49.634	1.696	4.095	644.229	4.095	301.546	0.000	95.421	0.000	0.000	206	187	160	157	156	152	224	303	425	572	971	1736	2730	4003	5360	6618	7542	7209	5755	4599	4639	4753	4774	4325	4417	3360	1907	1337	954	524	307	152	50	26	24	17	6	5	6	1	2	1	0	0	1	0	0	0	0	0	0	0	0	0	0	0	0	0	0	0	0	0	0	0	0	0	0	0	0	0	0	0	0	0	0	0	0	0	0	0	0	0	0	0	0	0	0	0	0	0	0	0	0	0	0	0	0	0	0
7/4/2024	12:31:29.59  PM	10.00	1.779	4.095	49.635	1.714	4.095	644.426	4.095	301.726	0.000	95.421	0.000	0.000	201	158	160	179	160	174	237	313	435	540	923	1656	2651	3881	5222	6434	7450	7312	5580	4570	4550	4734	4742	4351	4400	3417	1908	1366	897	538	339	175	62	35	20	13	9	7	6	2	6	3	0	1	0	0	0	0	0	0	0	0	0	0	0	0	0	0	0	0	0	0	0	0	0	0	0	0	0	0	0	0	0	0	0	0	0	0	0	0	0	0	0	0	0	0	0	0	0	0	0	0	0	0	0	0	0	0	0
7/4/2024	12:31:39.59  PM	10.00	1.735	4.095	49.632	1.739	4.095	644.148	4.095	301.874	0.000	95.413	0.000	0.000	209	181	162	157	137	175	204	238	379	553	928	1547	2668	3799	5068	6458	7697	7309	5576	4602	4498	4635	4741	4253	4334	3438	1871	1397	874	619	327	155	61	32	30	18	7	9	10	2	1	2	1	0	0	0	0	0	0	0	0	0	0	0	0	0	0	0	0	0	0	0	0	0	0	0	0	0	0	0	0	0	0	0	0	0	0	0	0	0	0	0	0	0	0	0	0	0	0	0	0	0	0	0	0	0	0	0	0
