Date	Time	Accum.	Scatter	Current	Sample	Ref.	Temp.	Sheath	Diff.	Box	Purge	Pres.	Aux.	Flow	90.00	94.39	98.99	103.81	108.87	114.17	119.74	125.57	131.69	138.11	144.84	151.90	159.30	167.06	175.20	183.74	192.69	202.09	211.93	222.26	233.09	244.45	256.36	268.86	281.96	295.70	310.11	325.22	341.07	357.69	375.12	393.40	412.57	432.67	453.76	475.87	499.06	523.38	548.89	575.63	603.69	633.10	663.96	696.31	730.24	765.83	803.15	842.29	883.33	926.38	971.52	1018.87	1068.52	1120.59	1175.20	1232.46	1292.52	1355.51	1421.57	1490.84	1563.49	1639.68	1719.59	1803.38	1891.27	1983.43	2080.08	2181.45	2287.75	2399.24	2516.16	2638.77	2767.36	2902.22	3043.65	3191.97	3347.52	3510.65	3681.73	3861.14	4049.30	4246.63	4453.57	4670.60	4898.20	5136.90	5387.23	5649.75	5925.07	6213.81	6516.61	6834.18	7167.22	7516.48	7882.77	8266.91	8669.77	9092.25	9535.33
-	-	Secs	Volts	Volts	sccm	Volts	Volts	sccm	Volts	K	sccm	kPa	Volts	sccm	94.39	98.99	103.81	108.87	114.17	119.74	125.57	131.69	138.11	144.84	151.90	159.30	167.06	175.20	183.74	192.69	202.09	211.93	222.26	233.09	244.45	256.36	268.86	281.96	295.70	310.11	325.22	341.07	357.69	375.12	393.40	412.57	432.67	453.76	475.87	499.06	523.38	548.89	575.63	603.69	633.10	663.96	696.31	730.24	765.83	803.15	842.29	883.33	926.38	971.52	1018.87	1068.52	1120.59	1175.20	1232.46	1292.52	1355.51	1421.57	1490.84	1563.49	1639.68	1719.59	1803.38	1891.27	1983.43	2080.08	2181.45	2287.75	2399.24	2516.16	2638.77	2767.36	2902.22	3043.65	3191.97	3347.52	3510.65	3681.73	3861.14	4049.30	4246.63	4453.57	4670.60	4898.20	5136.90	5387.23	5649.75	5925.07	6213.81	6516.61	6834.18	7167.22	7516.48	7882.77	8266.91	8669.77	9092.25	9535.33	10000.00
7/4/2024	09:40:01.69  PM	10.00	4.036	4.054	49.139	1.576	4.054	623.569	4.054	300.397	0.000	94.520	0.000	0.000	229	176	128	83	67	54	28	38	29	18	16	23	42	41	50	63	94	122	120	150	143	167	184	174	208	199	159	174	161	164	152	111	91	62	71	84	115	158	256	420	724	1175	2188	3164	4702	5721	5470	4180	3766	2818	1561	532	474	416	394	344	314	268	249	217	189	321	251	148	93	55	37	21	20	11	9	3	3	1	2	0	0	0	1	1	0	4	2	0	0	1	0	0	1	0	0	2	3	0	1	0	1	1	0
7/4/2024	09:40:11.69  PM	10.00	4.095	4.095	49.630	1.584	4.095	630.001	4.095	303.307	0.000	95.471	0.000	0.000	209	146	143	103	62	39	34	28	31	18	17	27	28	42	54	65	100	105	132	135	164	209	183	177	215	206	183	197	194	164	107	110	89	57	79	72	123	170	273	409	721	1200	1962	3176	4586	5613	5396	4216	3643	2912	1580	555	452	417	396	382	294	287	250	222	185	355	205	157	87	51	40	26	10	5	8	3	3	1	1	0	1	1	0	0	3	0	1	1	0	2	1	1	0	2	0	0	1	1	0	3	2	0	0
7/4/2024	09:40:21.69  PM	10.00	4.090	4.095	49.627	1.590	4.095	630.366	4.095	303.262	0.000	95.475	0.000	0.000	238	152	125	86	61	51	35	29	32	31	16	27	26	50	55	70	77	107	136	151	163	158	161	165	190	191	182	159	159	142	137	112	75	67	69	92	124	178	259	410	666	1187	2016	3244	4734	5536	5587	4226	3592	2945	1634	541	439	395	378	327	334	254	255	189	207	332	243	164	100	63	31	15	14	2	5	4	4	1	2	0	1	1	0	0	0	0	0	0	1	0	0	0	0	0	0	1	1	1	0	0	1	0	1
7/4/2024	09:40:31.69  PM	10.00	4.095	4.095	49.616	1.585	4.095	631.115	4.095	303.276	0.000	95.479	0.000	0.000	192	133	116	79	46	32	30	24	30	25	7	23	40	46	72	76	90	109	119	145	154	169	160	184	212	188	172	182	151	133	136	117	81	62	75	83	127	167	264	397	691	1189	1982	3148	4609	5786	5576	4242	3732	2942	1676	522	478	452	395	352	310	310	244	250	197	308	242	171	126	67	39	26	10	9	2	4	3	2	1	2	3	0	0	0	2	0	1	0	0	0	0	0	0	1	0	1	0	0	0	0	0	1	0
7/4/2024	09:40:41.69  PM	10.00	4.092	4.095	49.639	1.590	4.095	631.522	4.095	303.201	0.000	95.471	0.000	0.000	246	171	126	66	64	54	23	36	26	19	17	30	28	55	48	67	95	118	122	151	155	145	170	142	201	237	155	159	139	149	120	112	73	69	70	89	134	183	258	442	779	1340	2155	3287	4662	5732	5430	4139	3703	2907	1613	528	422	407	398	344	312	267	239	217	192	276	257	145	105	68	40	16	11	7	3	5	3	0	2	2	0	0	0	0	0	1	0	1	0	0	0	0	0	0	0	0	0	1	0	0	1	0	0
7/4/2024	09:40:51.69  PM	10.00	4.095	4.095	49.620	1.591	4.095	631.631	4.095	303.198	0.000	95.478	0.000	0.000	229	182	140	102	86	57	46	30	32	19	15	19	28	43	51	44	79	97	127	144	164	151	185	160	215	183	165	149	152	144	132	112	74	61	94	86	129	192	260	431	747	1329	2188	3434	4753	5754	5520	4090	3508	2808	1535	578	420	408	389	343	295	269	244	192	176	284	214	150	104	67	36	23	20	6	8	4	2	2	3	0	1	0	1	0	1	1	1	1	0	0	1	0	1	0	1	0	0	0	0	0	0	1	1
7/4/2024	09:41:01.69  PM	10.00	4.093	4.095	49.624	1.606	4.095	631.664	4.095	303.217	0.000	95.474	0.000	0.000	231	146	118	78	77	44	27	22	33	25	17	27	35	39	56	79	98	130	134	133	157	169	169	161	202	198	154	155	151	139	145	111	89	63	59	100	122	182	284	423	693	1230	2012	3360	4694	5682	5425	4167	3554	2883	1619	531	444	428	382	377	316	268	243	197	204	310	218	171	85	64	34	21	14	9	6	3	2	1	0	2	1	1	2	2	0	0	0	0	0	1	1	1	0	0	4	0	1	0	0	2	0	1	2
7/4/2024	09:41:11.69  PM	10.00	4.089	4.095	49.620	1.616	4.095	631.129	4.095	303.189	0.000	95.476	0.000	0.000	213	155	114	90	48	42	31	24	34	22	11	24	34	37	56	66	89	116	128	137	143	152	169	188	181	193	169	162	168	151	118	110	57	62	74	81	122	162	234	425	720	1159	2127	3282	4597	5598	5737	4213	3584	2912	1622	504	435	425	338	332	298	296	237	200	178	306	236	148	106	57	30	22	16	6	6	1	4	0	3	3	4	0	1	0	2	1	1	0	0	0	0	0	1	0	1	0	1	0	0	0	2	0	0
7/4/2024	09:41:21.69  PM	10.00	4.083	4.095	49.630	1.616	4.095	630.968	4.095	303.191	0.000	95.478	0.000	0.000	205	193	133	84	49	39	43	34	36	18	13	30	30	27	42	68	106	95	119	128	156	161	162	170	201	200	168	179	138	130	104	133	52	55	68	99	124	157	231	409	705	1185	1917	3230	4475	5622	5589	4290	3669	2889	1600	559	452	384	366	324	349	285	257	198	189	353	231	142	96	67	49	19	11	7	3	5	6	0	2	2	1	0	3	0	0	1	0	1	0	0	0	0	0	0	0	0	0	2	0	0	1	3	1
7/4/2024	09:41:31.69  PM	10.00	4.078	4.095	49.635	1.613	4.095	631.039	4.095	303.153	0.000	95.481	0.000	0.000	219	195	113	88	65	41	38	25	29	15	13	11	32	39	59	84	76	104	137	138	155	194	187	203	191	158	162	183	140	147	124	100	62	44	82	101	130	164	246	362	665	1222	1968	3256	4611	5856	5690	4206	3578	2969	1672	542	482	429	362	325	294	257	249	197	191	294	201	153	88	63	38	23	14	9	8	1	5	3	0	1	0	2	1	0	1	0	0	0	1	1	0	0	1	1	0	0	0	0	0	0	1	0	1
7/4/2024	09:41:41.69  PM	10.00	4.095	4.095	49.627	1.614	4.095	630.972	4.095	303.297	0.000	95.480	0.000	0.000	265	201	103	90	69	43	34	38	39	18	21	20	27	51	62	67	92	123	119	160	169	158	176	196	174	200	164	156	168	130	138	111	88	62	58	74	125	127	257	390	698	1138	1961	3254	4628	5705	5714	4200	3565	2843	1563	516	427	410	402	337	288	257	229	198	190	299	267	165	105	66	39	24	15	7	3	2	6	3	2	1	1	1	0	1	1	0	1	0	1	0	1	1	1	0	0	0	3	0	0	0	0	1	0
