Date	Time	Accum.	Scatter	Current	Sample	Ref.	Temp.	Sheath	Diff.	Box	Purge	Pres.	Aux.	Flow	90.00	94.39	98.99	103.81	108.87	114.17	119.74	125.57	131.69	138.11	144.84	151.90	159.30	167.06	175.20	183.74	192.69	202.09	211.93	222.26	233.09	244.45	256.36	268.86	281.96	295.70	310.11	325.22	341.07	357.69	375.12	393.40	412.57	432.67	453.76	475.87	499.06	523.38	548.89	575.63	603.69	633.10	663.96	696.31	730.24	765.83	803.15	842.29	883.33	926.38	971.52	1018.87	1068.52	1120.59	1175.20	1232.46	1292.52	1355.51	1421.57	1490.84	1563.49	1639.68	1719.59	1803.38	1891.27	1983.43	2080.08	2181.45	2287.75	2399.24	2516.16	2638.77	2767.36	2902.22	3043.65	3191.97	3347.52	3510.65	3681.73	3861.14	4049.30	4246.63	4453.57	4670.60	4898.20	5136.90	5387.23	5649.75	5925.07	6213.81	6516.61	6834.18	7167.22	7516.48	7882.77	8266.91	8669.77	9092.25	9535.33
-	-	Secs	Volts	Volts	sccm	Volts	Volts	sccm	Volts	K	sccm	kPa	Volts	sccm	94.39	98.99	103.81	108.87	114.17	119.74	125.57	131.69	138.11	144.84	151.90	159.30	167.06	175.20	183.74	192.69	202.09	211.93	222.26	233.09	244.45	256.36	268.86	281.96	295.70	310.11	325.22	341.07	357.69	375.12	393.40	412.57	432.67	453.76	475.87	499.06	523.38	548.89	575.63	603.69	633.10	663.96	696.31	730.24	765.83	803.15	842.29	883.33	926.38	971.52	1018.87	1068.52	1120.59	1175.20	1232.46	1292.52	1355.51	1421.57	1490.84	1563.49	1639.68	1719.59	1803.38	1891.27	1983.43	2080.08	2181.45	2287.75	2399.24	2516.16	2638.77	2767.36	2902.22	3043.65	3191.97	3347.52	3510.65	3681.73	3861.14	4049.30	4246.63	4453.57	4670.60	4898.20	5136.90	5387.23	5649.75	5925.07	6213.81	6516.61	6834.18	7167.22	7516.48	7882.77	8266.91	8669.77	9092.25	9535.33	10000.00
7/4/2024	08:51:25.93  PM	10.00	4.013	4.054	49.140	1.574	4.054	625.407	4.054	299.372	0.000	94.474	0.000	0.000	229	164	121	71	39	45	31	32	32	29	15	22	20	21	29	32	46	34	37	34	30	27	29	21	31	24	23	15	16	17	27	108	212	371	648	1096	1786	2687	3671	4742	5361	4813	3661	2690	2028	1599	1270	886	950	817	475	119	111	98	87	67	74	57	53	36	42	75	44	32	15	13	1	7	4	0	2	0	0	0	0	1	1	0	0	0	2	0	0	1	0	1	0	0	1	0	0	0	0	0	0	0	1	0	0
7/4/2024	08:51:35.93  PM	10.00	4.090	4.095	49.629	1.586	4.095	631.811	4.095	302.346	0.000	95.427	0.000	0.000	210	176	119	71	66	48	29	36	39	17	21	23	21	45	33	31	30	22	21	25	29	45	38	27	35	32	20	30	14	19	23	86	204	338	641	1136	1756	2717	3594	4720	5191	4801	3661	2697	2005	1637	1314	1012	960	796	408	155	102	96	82	82	60	59	49	44	23	65	44	43	17	15	9	2	5	3	1	0	0	0	0	0	0	0	0	0	0	0	0	0	0	0	0	0	0	0	0	0	0	0	0	0	0	0	0
7/4/2024	08:51:45.93  PM	10.00	4.057	4.095	49.624	1.591	4.095	631.740	4.095	302.661	0.000	95.425	0.000	0.000	213	138	111	60	49	28	33	39	26	28	19	18	26	21	33	24	47	31	37	23	27	29	28	27	30	23	27	21	12	17	33	115	222	383	648	1157	1850	2665	3832	4743	5272	4811	3651	2565	1963	1556	1222	1015	912	845	433	123	91	115	78	80	83	58	45	48	39	55	48	32	24	9	8	3	4	2	2	0	0	0	1	0	0	0	0	0	0	0	0	0	0	0	0	0	0	0	0	0	0	0	0	0	1	1	0
7/4/2024	08:51:55.93  PM	10.00	4.065	4.095	49.623	1.590	4.095	631.788	4.095	302.734	0.000	95.425	0.000	0.000	231	161	117	83	58	32	31	30	33	24	12	21	26	27	29	35	46	33	30	31	20	29	34	24	38	31	23	17	21	23	19	95	248	359	645	1222	1855	2652	3656	4694	5093	4713	3606	2684	1949	1569	1213	961	906	832	416	147	126	105	85	86	70	59	48	34	32	50	56	46	17	12	4	6	3	2	0	0	0	0	0	0	0	0	0	0	0	0	0	0	0	0	0	0	0	0	0	0	0	0	0	0	0	0	0
7/4/2024	08:52:05.93  PM	10.00	4.056	4.095	49.642	1.589	4.095	631.740	4.095	302.675	0.000	95.435	0.000	0.000	188	173	142	78	60	37	29	24	32	19	16	20	26	25	35	31	38	42	32	24	35	48	31	25	33	24	20	21	21	24	35	106	223	383	718	1240	1835	2731	3749	4801	5349	4766	3589	2581	1958	1577	1248	914	910	788	392	140	112	99	84	72	68	50	53	46	34	59	35	31	23	6	4	9	4	2	0	1	2	0	0	0	0	0	0	0	0	0	0	0	0	0	0	0	0	0	0	0	0	0	0	0	0	0	0
7/4/2024	08:52:15.93  PM	10.00	4.053	4.095	49.619	1.590	4.095	631.845	4.095	302.852	0.000	95.437	0.000	0.000	223	158	99	67	47	34	30	27	32	17	16	16	30	36	32	40	34	44	39	35	42	45	26	24	29	24	27	21	17	11	21	113	249	360	660	1088	1786	2556	3614	4666	5205	4707	3620	2658	1922	1627	1252	980	939	818	432	148	110	114	73	72	62	61	61	43	29	70	51	35	29	12	8	5	4	2	2	1	0	0	1	0	0	0	0	0	1	0	0	0	0	0	0	0	0	1	0	0	0	0	0	0	1	0	1
7/4/2024	08:52:25.93  PM	10.00	4.088	4.095	49.630	1.587	4.095	631.759	4.095	302.828	0.000	95.428	0.000	0.000	225	181	136	89	65	43	45	33	37	26	10	27	23	27	39	30	29	40	42	37	34	36	35	24	31	20	15	27	29	28	30	88	233	351	663	1119	1833	2659	3713	4705	5146	4839	3664	2611	1996	1549	1308	995	901	827	463	135	108	112	72	64	76	73	53	39	35	80	50	35	13	12	6	5	2	2	0	1	0	0	0	2	0	1	1	0	0	0	0	0	0	0	0	0	0	0	0	0	0	0	0	0	0	0	0
7/4/2024	08:52:35.93  PM	10.00	4.095	4.095	49.636	1.578	4.095	631.882	4.095	302.649	0.000	95.430	0.000	0.000	235	174	123	81	54	49	42	33	47	25	20	12	28	29	35	34	33	41	36	30	37	36	36	20	24	23	16	20	19	18	24	104	227	380	658	1105	1729	2571	3605	4545	5226	4743	3795	2609	1986	1605	1308	1001	947	865	452	161	114	90	85	85	71	64	48	53	37	61	55	33	18	12	12	8	3	3	1	1	0	0	0	0	1	0	0	0	0	0	0	0	0	0	0	0	0	0	0	0	0	0	0	0	0	0	0
7/4/2024	08:52:45.93  PM	10.00	4.073	4.095	49.618	1.568	4.095	631.845	4.095	302.477	0.000	95.433	0.000	0.000	211	207	142	96	56	43	38	26	35	16	15	20	29	32	27	44	37	35	29	36	42	22	29	25	28	21	14	23	26	20	35	90	197	359	581	1041	1630	2468	3474	4541	5229	4954	3912	2835	2086	1639	1328	1001	939	849	454	130	121	112	83	98	74	57	44	43	30	61	64	39	15	11	7	2	3	0	0	0	0	1	0	0	0	0	0	0	0	0	0	0	0	0	0	0	0	0	0	0	0	1	0	0	0	0	0
7/4/2024	08:52:55.93  PM	10.00	3.998	4.095	49.631	1.559	4.095	631.773	4.095	302.468	0.000	95.437	0.000	0.000	215	199	130	85	63	47	35	25	36	19	22	14	28	42	34	33	39	31	39	39	31	34	35	27	25	25	21	25	29	19	26	90	188	305	601	982	1596	2466	3408	4532	5111	4960	3947	2911	2071	1675	1291	1020	996	894	440	117	113	107	99	72	75	57	55	38	55	67	56	35	16	12	9	5	0	2	1	0	1	1	0	0	0	0	1	0	1	0	0	0	0	0	0	0	0	0	0	0	0	0	0	0	0	0	0
7/4/2024	08:53:05.93  PM	10.00	4.020	4.095	49.622	1.576	4.095	631.821	4.095	302.680	0.000	95.437	0.000	0.000	205	160	108	81	55	40	39	28	34	28	25	21	19	30	32	34	25	33	41	28	41	41	40	23	22	31	24	25	22	22	34	110	223	358	619	1043	1732	2587	3596	4549	5064	4838	3721	2751	1980	1598	1223	954	945	820	412	134	127	112	93	70	68	65	52	40	41	54	52	44	19	16	10	0	2	2	2	0	0	0	0	0	2	2	0	1	0	0	0	0	0	0	0	0	0	0	0	1	0	0	0	0	0	0	0
