Date	Time	Accum.	Scatter	Current	Sample	Ref.	Temp.	Sheath	Diff.	Box	Purge	Pres.	Aux.	Flow	90.00	94.39	98.99	103.81	108.87	114.17	119.74	125.57	131.69	138.11	144.84	151.90	159.30	167.06	175.20	183.74	192.69	202.09	211.93	222.26	233.09	244.45	256.36	268.86	281.96	295.70	310.11	325.22	341.07	357.69	375.12	393.40	412.57	432.67	453.76	475.87	499.06	523.38	548.89	575.63	603.69	633.10	663.96	696.31	730.24	765.83	803.15	842.29	883.33	926.38	971.52	1018.87	1068.52	1120.59	1175.20	1232.46	1292.52	1355.51	1421.57	1490.84	1563.49	1639.68	1719.59	1803.38	1891.27	1983.43	2080.08	2181.45	2287.75	2399.24	2516.16	2638.77	2767.36	2902.22	3043.65	3191.97	3347.52	3510.65	3681.73	3861.14	4049.30	4246.63	4453.57	4670.60	4898.20	5136.90	5387.23	5649.75	5925.07	6213.81	6516.61	6834.18	7167.22	7516.48	7882.77	8266.91	8669.77	9092.25	9535.33
-	-	Secs	Volts	Volts	sccm	Volts	Volts	sccm	Volts	K	sccm	kPa	Volts	sccm	94.39	98.99	103.81	108.87	114.17	119.74	125.57	131.69	138.11	144.84	151.90	159.30	167.06	175.20	183.74	192.69	202.09	211.93	222.26	233.09	244.45	256.36	268.86	281.96	295.70	310.11	325.22	341.07	357.69	375.12	393.40	412.57	432.67	453.76	475.87	499.06	523.38	548.89	575.63	603.69	633.10	663.96	696.31	730.24	765.83	803.15	842.29	883.33	926.38	971.52	1018.87	1068.52	1120.59	1175.20	1232.46	1292.52	1355.51	1421.57	1490.84	1563.49	1639.68	1719.59	1803.38	1891.27	1983.43	2080.08	2181.45	2287.75	2399.24	2516.16	2638.77	2767.36	2902.22	3043.65	3191.97	3347.52	3510.65	3681.73	3861.14	4049.30	4246.63	4453.57	4670.60	4898.20	5136.90	5387.23	5649.75	5925.07	6213.81	6516.61	6834.18	7167.22	7516.48	7882.77	8266.91	8669.77	9092.25	9535.33	10000.00
7/4/2024	01:44:05.47  PM	10.00	1.573	4.095	49.627	1.722	4.095	633.738	4.095	302.439	0.000	95.376	0.000	0.000	116	93	102	76	61	74	64	50	55	71	50	68	105	193	407	1001	1936	3649	5669	6916	6742	5796	5928	5444	4762	2725	1426	912	493	263	104	58	20	3	10	3	2	1	2	0	0	0	0	0	0	0	0	0	0	0	0	0	0	0	0	0	0	0	0	0	0	0	0	0	0	0	0	0	0	0	0	0	0	0	0	0	0	0	0	0	0	0	0	0	0	0	0	0	0	0	0	0	0	0	0	0	0	0	0
7/4/2024	01:44:15.47  PM	10.00	1.628	4.095	49.638	1.724	4.095	633.767	4.095	302.550	0.000	95.375	0.000	0.000	111	112	81	82	54	55	54	62	64	53	53	67	107	213	463	1021	2092	3851	5826	7024	6643	5743	6047	5326	4632	2852	1453	960	489	279	129	55	15	9	5	6	4	0	3	0	0	0	0	0	1	0	0	0	0	0	0	0	0	0	0	0	0	0	0	0	0	0	0	0	0	0	0	0	0	0	0	0	0	0	0	0	0	0	0	0	0	0	0	0	0	0	0	0	0	0	0	0	0	0	0	0	0	0	0
7/4/2024	01:44:25.47  PM	10.00	1.498	4.095	49.634	1.724	4.095	633.800	4.095	302.619	0.000	95.368	0.000	0.000	131	95	101	77	74	95	49	60	60	61	54	72	101	197	461	1027	2000	3784	5691	7246	6868	5726	5767	5500	4592	2847	1505	878	493	245	96	50	15	11	6	3	1	2	2	0	2	0	1	0	0	0	0	0	0	0	0	0	0	0	0	0	0	0	0	0	0	0	0	0	0	0	0	0	0	0	0	0	0	0	0	0	0	0	0	0	0	0	0	0	0	0	0	0	0	0	0	0	0	0	0	0	0	0	0
7/4/2024	01:44:35.47  PM	10.00	1.523	4.095	49.625	1.725	4.095	633.715	4.095	302.725	0.000	95.371	0.000	0.000	108	107	92	98	81	60	53	57	51	56	43	87	110	207	419	1013	2136	3812	5779	6980	6732	5554	5875	5280	4588	2771	1451	928	504	254	107	39	13	3	6	3	0	1	1	0	0	0	0	0	0	0	0	0	0	0	0	0	0	0	0	0	0	0	0	0	0	0	0	0	0	0	0	0	0	0	0	0	0	0	0	0	0	0	0	0	0	0	0	0	0	0	0	0	0	0	0	0	0	0	0	0	0	0	0
7/4/2024	01:44:45.47  PM	10.00	1.635	4.095	49.635	1.726	4.095	633.610	4.095	302.758	0.000	95.377	0.000	0.000	109	114	92	78	68	56	58	52	60	52	48	76	104	206	469	1006	2126	3645	5614	6829	6691	5636	5852	5342	4419	2878	1395	894	492	232	111	46	18	7	4	6	3	4	1	1	0	1	1	0	0	0	0	0	0	0	0	0	0	0	0	0	0	0	0	0	0	0	0	0	0	0	0	0	0	0	0	0	0	0	0	0	0	0	0	0	0	0	0	0	0	0	0	0	0	0	0	0	0	0	0	0	0	0	0
7/4/2024	01:44:55.47  PM	10.00	1.542	4.095	49.637	1.724	4.095	633.605	4.095	302.793	0.000	95.373	0.000	0.000	128	106	86	77	69	72	62	59	58	60	57	67	103	196	432	1036	2158	3942	5905	7071	6436	5789	5920	5353	4415	2768	1456	905	453	238	106	44	13	2	4	3	1	4	4	1	0	0	0	0	0	0	0	0	0	0	0	0	0	0	0	0	0	0	0	0	0	0	0	0	0	0	0	0	0	0	0	0	0	0	0	0	0	0	0	0	0	0	0	0	0	0	0	0	0	0	0	0	0	0	0	0	0	0	0
7/4/2024	01:45:05.47  PM	10.00	1.511	4.095	49.625	1.723	4.095	633.662	4.095	302.781	0.000	95.375	0.000	0.000	125	122	100	79	92	80	58	58	51	54	48	80	125	246	483	1021	2261	3974	5939	6961	6598	5660	5815	5300	4562	2849	1425	863	447	281	99	44	17	12	3	2	2	1	1	1	1	1	1	0	0	0	0	0	0	0	0	0	0	0	0	0	0	0	0	0	0	0	0	0	0	0	0	0	0	0	0	0	0	0	0	0	0	0	0	0	0	0	0	0	0	0	0	0	0	0	0	0	0	0	0	0	0	0	0
7/4/2024	01:45:15.47  PM	10.00	1.531	4.095	49.633	1.722	4.095	633.710	4.095	302.788	0.000	95.370	0.000	0.000	122	124	96	94	88	59	77	48	54	52	59	91	117	208	467	1059	2279	4118	6018	7086	6604	5675	5992	5145	4386	2782	1437	822	484	237	126	54	24	2	3	3	0	1	0	2	0	0	0	0	0	0	0	0	0	0	0	0	0	0	0	0	0	0	0	0	0	0	0	0	0	0	0	0	0	0	0	0	0	0	0	0	0	0	0	0	0	0	0	0	0	0	0	0	0	0	0	0	0	0	0	0	0	0	0
7/4/2024	01:45:25.47  PM	10.00	1.515	4.095	49.638	1.721	4.095	633.705	4.095	302.800	0.000	95.367	0.000	0.000	123	100	84	87	83	56	65	53	50	51	60	80	111	199	452	1075	2259	3989	5864	7004	6491	5729	5778	5225	4438	2707	1383	848	440	235	101	40	17	8	4	3	2	0	1	0	2	0	2	1	0	0	0	0	0	0	0	0	0	0	0	0	0	0	0	0	0	0	0	0	0	0	0	0	0	0	0	0	0	0	0	0	0	0	0	0	0	0	0	0	0	0	0	0	0	0	0	0	0	0	0	0	0	0	0
7/4/2024	01:45:35.47  PM	10.00	1.437	4.095	49.637	1.720	4.095	633.705	4.095	302.791	0.000	95.374	0.000	0.000	96	106	93	87	64	82	50	44	58	51	60	87	143	232	452	1050	2231	4016	5952	7037	6502	5734	6034	5267	4437	2848	1405	837	444	209	105	60	18	10	2	5	3	1	4	1	2	0	1	0	0	0	0	0	0	0	0	0	0	0	0	0	0	0	0	0	0	0	0	0	0	0	0	0	0	0	0	0	0	0	0	0	0	0	0	0	0	0	0	0	0	0	0	0	0	0	0	0	0	0	0	0	0	0	0
7/4/2024	01:45:45.47  PM	10.00	1.517	4.095	49.630	1.723	4.095	633.696	4.095	302.767	0.000	95.368	0.000	0.000	168	116	107	71	82	56	56	52	60	53	50	71	131	221	502	1089	2364	3983	5867	6895	6467	5510	5819	5184	4340	2703	1331	849	414	220	128	59	12	6	5	3	1	1	2	0	1	0	0	0	0	0	0	0	0	0	0	0	0	0	0	0	0	0	0	0	0	0	0	0	0	0	0	0	0	0	0	0	0	0	0	0	0	0	0	0	0	0	0	0	0	0	0	0	0	0	0	0	0	0	0	0	0	0	0
