Date	Time	Accum.	Scatter	Current	Sample	Ref.	Temp.	Sheath	Diff.	Box	Purge	Pres.	Aux.	Flow	90.00	94.39	98.99	103.81	108.87	114.17	119.74	125.57	131.69	138.11	144.84	151.90	159.30	167.06	175.20	183.74	192.69	202.09	211.93	222.26	233.09	244.45	256.36	268.86	281.96	295.70	310.11	325.22	341.07	357.69	375.12	393.40	412.57	432.67	453.76	475.87	499.06	523.38	548.89	575.63	603.69	633.10	663.96	696.31	730.24	765.83	803.15	842.29	883.33	926.38	971.52	1018.87	1068.52	1120.59	1175.20	1232.46	1292.52	1355.51	1421.57	1490.84	1563.49	1639.68	1719.59	1803.38	1891.27	1983.43	2080.08	2181.45	2287.75	2399.24	2516.16	2638.77	2767.36	2902.22	3043.65	3191.97	3347.52	3510.65	3681.73	3861.14	4049.30	4246.63	4453.57	4670.60	4898.20	5136.90	5387.23	5649.75	5925.07	6213.81	6516.61	6834.18	7167.22	7516.48	7882.77	8266.91	8669.77	9092.25	9535.33
-	-	Secs	Volts	Volts	sccm	Volts	Volts	sccm	Volts	K	sccm	kPa	Volts	sccm	94.39	98.99	103.81	108.87	114.17	119.74	125.57	131.69	138.11	144.84	151.90	159.30	167.06	175.20	183.74	192.69	202.09	211.93	222.26	233.09	244.45	256.36	268.86	281.96	295.70	310.11	325.22	341.07	357.69	375.12	393.40	412.57	432.67	453.76	475.87	499.06	523.38	548.89	575.63	603.69	633.10	663.96	696.31	730.24	765.83	803.15	842.29	883.33	926.38	971.52	1018.87	1068.52	1120.59	1175.20	1232.46	1292.52	1355.51	1421.57	1490.84	1563.49	1639.68	1719.59	1803.38	1891.27	1983.43	2080.08	2181.45	2287.75	2399.24	2516.16	2638.77	2767.36	2902.22	3043.65	3191.97	3347.52	3510.65	3681.73	3861.14	4049.30	4246.63	4453.57	4670.60	4898.20	5136.90	5387.23	5649.75	5925.07	6213.81	6516.61	6834.18	7167.22	7516.48	7882.77	8266.91	8669.77	9092.25	9535.33	10000.00
7/4/2024	11:14:01.79  PM	10.00	0.397	4.054	49.127	1.547	4.054	619.320	4.054	300.385	0.000	94.641	0.000	0.000	136	301	231	51	11	13	5	3	1	3	5	10	4	8	4	3	4	3	1	3	1	3	1	0	1	0	1	0	0	0	1	0	0	0	0	0	0	0	0	0	0	0	0	0	0	0	0	0	0	0	0	0	0	0	0	0	0	0	0	0	0	0	0	0	0	0	0	0	0	0	0	0	0	0	0	0	0	0	0	0	0	0	0	0	0	0	0	0	0	0	0	0	0	0	0	0	0	0	0
7/4/2024	11:14:11.79  PM	10.00	0.407	4.095	49.634	1.564	4.095	625.474	4.095	303.370	0.000	95.599	0.000	0.000	120	321	240	66	23	11	5	5	4	4	5	2	4	3	3	3	5	8	2	0	0	2	3	2	2	0	1	0	0	1	0	1	0	0	1	1	0	0	0	0	0	0	0	0	0	0	0	0	1	0	0	0	0	0	0	0	0	0	0	0	0	0	0	0	0	0	0	0	0	0	0	0	0	0	0	0	0	0	0	0	0	0	0	0	0	0	0	0	0	0	0	0	0	0	0	0	0	0	0
7/4/2024	11:14:21.79  PM	10.00	0.401	4.095	49.621	1.560	4.095	625.436	4.095	303.333	0.000	95.599	0.000	0.000	124	296	243	70	19	12	5	6	1	6	4	5	7	8	4	8	4	3	1	3	1	0	1	1	2	1	0	0	0	0	0	0	0	0	0	0	0	0	0	0	0	0	0	0	0	0	0	0	0	0	0	0	0	0	0	0	0	0	0	0	0	0	0	0	0	0	0	0	0	0	0	0	0	0	0	0	0	0	0	0	0	0	0	0	0	0	0	0	0	0	0	0	0	0	0	0	0	0	0
7/4/2024	11:14:31.79  PM	10.00	0.402	4.095	49.625	1.557	4.095	625.384	4.095	303.403	0.000	95.602	0.000	0.000	111	309	250	86	11	21	7	5	6	4	2	4	4	4	7	7	4	5	2	1	0	1	2	2	1	0	0	2	0	0	0	0	0	0	0	0	0	0	0	0	0	0	0	0	0	0	0	0	0	0	0	0	0	0	0	0	0	0	0	0	0	0	0	0	0	0	0	0	0	0	0	0	0	0	0	0	0	0	0	0	0	0	0	0	0	0	0	0	0	0	0	0	0	0	0	0	0	0	0
7/4/2024	11:14:41.79  PM	10.00	0.403	4.095	49.629	1.565	4.095	624.974	4.095	303.495	0.000	95.598	0.000	0.000	119	297	220	61	17	15	13	3	2	4	4	6	7	5	3	4	1	2	3	2	3	1	1	1	0	1	0	0	0	0	0	0	0	0	1	0	0	0	0	0	0	0	0	0	0	0	0	0	0	0	0	0	0	0	0	0	0	0	0	0	0	0	0	0	0	0	0	0	0	0	0	0	0	0	0	0	0	0	0	0	0	0	0	0	0	0	0	0	0	0	0	0	0	0	0	0	0	0	0
7/4/2024	11:14:51.79  PM	10.00	0.402	4.095	49.630	1.572	4.095	625.408	4.095	303.533	0.000	95.599	0.000	0.000	144	289	232	66	23	18	7	7	2	4	2	1	9	6	2	9	1	4	2	3	4	2	2	1	2	0	0	0	0	1	1	0	0	0	0	0	0	0	0	0	0	0	0	0	0	0	0	0	0	0	0	0	0	0	0	0	0	0	0	0	0	0	0	0	0	0	0	0	0	0	0	0	0	0	0	0	0	0	0	0	0	0	0	0	0	0	0	0	0	0	0	0	0	0	0	0	0	0	0
7/4/2024	11:15:01.79  PM	10.00	0.439	4.095	49.638	1.570	4.095	625.346	4.095	303.774	0.000	95.599	0.000	0.000	134	296	232	75	17	17	9	6	3	2	2	11	4	5	6	6	3	4	3	2	1	0	0	3	1	2	0	0	1	0	0	0	0	0	0	0	0	0	0	0	0	0	0	0	0	0	0	0	0	1	0	0	0	0	0	0	0	0	0	0	0	0	0	0	0	0	0	0	0	0	0	0	0	0	0	0	0	0	0	0	0	0	0	0	0	0	0	0	0	0	0	0	0	0	0	0	0	0	0
7/4/2024	11:15:11.79  PM	10.00	0.401	4.095	49.621	1.570	4.095	625.332	4.095	303.807	0.000	95.596	0.000	0.000	145	276	245	69	22	11	6	5	2	2	2	2	4	10	3	3	2	5	4	2	0	1	1	3	1	1	0	0	0	0	1	0	0	0	0	0	0	0	0	0	0	0	0	0	0	0	0	0	0	0	0	0	0	0	0	0	0	0	0	0	0	0	0	0	0	0	0	0	0	0	0	0	0	0	0	0	0	0	0	0	0	0	0	0	0	0	0	0	0	0	0	0	0	0	0	0	0	0	0
7/4/2024	11:15:21.79  PM	10.00	0.402	4.095	49.633	1.572	4.095	625.242	4.095	303.750	0.000	95.594	0.000	0.000	136	306	229	72	24	18	10	5	4	5	4	7	3	3	4	4	6	5	3	2	3	4	2	0	1	1	1	0	0	0	0	0	0	0	1	0	0	0	0	0	0	0	0	0	0	0	0	0	0	0	0	0	0	0	0	0	0	0	0	0	0	0	0	0	0	0	0	0	0	0	0	0	0	0	0	0	0	0	0	0	0	0	0	0	0	0	0	0	0	0	0	0	0	0	0	0	0	0	0
7/4/2024	11:15:31.79  PM	10.00	0.402	4.095	49.642	1.569	4.095	625.441	4.095	303.670	0.000	95.598	0.000	0.000	163	288	229	76	14	13	7	8	2	6	7	11	4	2	1	5	3	3	2	4	2	1	0	1	1	0	2	0	0	0	0	0	0	0	1	0	0	0	0	0	0	0	0	0	0	0	0	0	0	0	0	0	0	0	0	0	0	0	0	0	0	0	0	0	0	0	0	0	0	0	0	0	0	0	0	0	0	0	0	0	0	0	0	0	0	0	0	0	0	0	0	0	0	0	0	0	0	0	0
7/4/2024	11:15:41.79  PM	10.00	0.401	4.095	49.639	1.569	4.095	625.374	4.095	303.627	0.000	95.601	0.000	0.000	133	302	236	86	23	12	17	5	0	3	6	4	5	4	1	1	2	2	0	1	1	1	5	1	1	3	1	0	0	0	0	0	0	0	0	0	0	0	0	0	0	0	0	0	0	0	0	0	0	0	0	0	0	0	0	0	0	0	0	0	0	0	0	0	0	0	0	0	0	0	0	0	0	0	0	0	0	0	0	0	0	0	0	0	0	0	0	0	0	0	0	0	0	0	0	0	0	0	0
