Date	Time	Accum.	Scatter	Current	Sample	Ref.	Temp.	Sheath	Diff.	Box	Purge	Pres.	Aux.	Flow	90.00	94.39	98.99	103.81	108.87	114.17	119.74	125.57	131.69	138.11	144.84	151.90	159.30	167.06	175.20	183.74	192.69	202.09	211.93	222.26	233.09	244.45	256.36	268.86	281.96	295.70	310.11	325.22	341.07	357.69	375.12	393.40	412.57	432.67	453.76	475.87	499.06	523.38	548.89	575.63	603.69	633.10	663.96	696.31	730.24	765.83	803.15	842.29	883.33	926.38	971.52	1018.87	1068.52	1120.59	1175.20	1232.46	1292.52	1355.51	1421.57	1490.84	1563.49	1639.68	1719.59	1803.38	1891.27	1983.43	2080.08	2181.45	2287.75	2399.24	2516.16	2638.77	2767.36	2902.22	3043.65	3191.97	3347.52	3510.65	3681.73	3861.14	4049.30	4246.63	4453.57	4670.60	4898.20	5136.90	5387.23	5649.75	5925.07	6213.81	6516.61	6834.18	7167.22	7516.48	7882.77	8266.91	8669.77	9092.25	9535.33
-	-	Secs	Volts	Volts	sccm	Volts	Volts	sccm	Volts	K	sccm	kPa	Volts	sccm	94.39	98.99	103.81	108.87	114.17	119.74	125.57	131.69	138.11	144.84	151.90	159.30	167.06	175.20	183.74	192.69	202.09	211.93	222.26	233.09	244.45	256.36	268.86	281.96	295.70	310.11	325.22	341.07	357.69	375.12	393.40	412.57	432.67	453.76	475.87	499.06	523.38	548.89	575.63	603.69	633.10	663.96	696.31	730.24	765.83	803.15	842.29	883.33	926.38	971.52	1018.87	1068.52	1120.59	1175.20	1232.46	1292.52	1355.51	1421.57	1490.84	1563.49	1639.68	1719.59	1803.38	1891.27	1983.43	2080.08	2181.45	2287.75	2399.24	2516.16	2638.77	2767.36	2902.22	3043.65	3191.97	3347.52	3510.65	3681.73	3861.14	4049.30	4246.63	4453.57	4670.60	4898.20	5136.90	5387.23	5649.75	5925.07	6213.81	6516.61	6834.18	7167.22	7516.48	7882.77	8266.91	8669.77	9092.25	9535.33	10000.00
7/4/2024	08:57:48.54  PM	10.00	4.053	4.095	49.643	1.608	4.095	631.465	4.095	302.993	0.000	95.434	0.000	0.000	245	158	112	72	56	22	30	27	26	28	17	20	20	22	25	43	43	24	34	25	40	43	26	31	21	25	18	27	20	26	22	101	242	321	664	1078	1869	2658	3621	4656	5138	4897	3696	2564	1911	1554	1248	953	924	760	412	131	117	85	90	61	59	61	44	29	41	52	34	26	21	7	4	4	1	0	0	0	1	2	0	0	0	1	1	0	1	0	0	0	0	0	0	0	0	0	0	1	0	0	0	0	0	0	0
7/4/2024	08:57:58.54  PM	10.00	4.076	4.095	49.618	1.612	4.095	631.465	4.095	303.220	0.000	95.439	0.000	0.000	217	142	119	56	64	44	43	32	42	27	24	22	28	24	50	42	33	35	43	27	24	41	28	22	28	28	19	25	22	24	32	93	209	342	607	1094	1835	2550	3489	4520	5199	4868	3748	2686	2038	1568	1254	999	952	827	451	152	123	95	80	79	66	57	36	38	37	61	41	34	14	6	3	4	3	2	0	0	0	0	1	0	0	1	0	0	0	0	0	0	0	0	0	0	0	0	0	0	0	0	0	0	0	0	0
7/4/2024	08:58:08.54  PM	10.00	4.062	4.095	49.631	1.615	4.095	631.437	4.095	303.316	0.000	95.438	0.000	0.000	201	160	106	58	49	35	41	42	30	23	25	29	27	19	32	30	43	34	27	37	29	28	25	29	16	24	26	19	18	20	30	94	203	323	655	1020	1670	2529	3398	4494	5188	4915	3746	2781	1976	1592	1231	1050	972	863	440	137	127	83	93	70	78	63	55	50	42	64	50	30	19	9	8	2	1	3	1	0	0	1	0	2	0	0	0	0	0	1	0	0	0	0	0	0	1	0	0	0	0	0	1	0	0	0	0
7/4/2024	08:58:18.54  PM	10.00	4.065	4.095	49.626	1.616	4.095	631.242	4.095	303.135	0.000	95.435	0.000	0.000	200	158	123	67	62	27	30	34	28	20	19	16	27	20	40	35	33	37	44	25	34	30	28	25	26	26	19	18	18	18	23	75	188	321	598	959	1671	2443	3396	4515	5172	5027	3931	2835	2023	1620	1326	994	935	870	435	134	124	91	90	90	74	57	42	47	39	62	53	35	22	14	7	1	0	2	2	1	1	0	0	0	0	0	0	0	0	0	0	1	1	0	0	0	0	0	0	0	0	0	0	0	0	0	0
7/4/2024	08:58:28.54  PM	10.00	4.065	4.095	49.628	1.614	4.095	631.223	4.095	302.963	0.000	95.434	0.000	0.000	173	123	126	79	52	40	28	28	33	34	19	15	34	31	38	32	38	28	33	29	36	23	26	24	30	22	12	23	20	26	24	99	203	302	596	1067	1750	2528	3664	4637	5315	5104	4004	2844	2186	1616	1296	1103	941	822	467	141	106	97	87	75	60	62	52	48	41	59	57	33	18	12	8	3	3	3	2	3	1	0	0	0	0	0	0	0	0	0	0	0	0	0	0	0	0	0	0	0	0	0	0	0	0	0	0
7/4/2024	08:58:38.54  PM	10.00	4.095	4.095	49.625	1.615	4.095	631.342	4.095	302.982	0.000	95.437	0.000	0.000	162	135	93	65	43	37	37	37	30	28	27	20	31	33	25	23	30	29	21	21	30	25	32	25	27	24	19	17	26	23	34	126	272	449	811	1361	2121	3217	4354	5496	6030	5703	4220	3056	2250	1752	1481	1115	1135	959	524	159	122	107	80	66	67	50	57	60	27	57	56	25	28	8	6	4	1	3	2	0	2	0	0	1	0	0	0	1	1	0	0	0	0	0	0	0	0	0	0	0	0	0	1	0	0	0	0
7/4/2024	08:58:48.54  PM	10.00	4.095	4.095	49.633	1.616	4.095	631.204	4.095	303.066	0.000	95.440	0.000	0.000	151	137	93	56	63	46	39	29	54	23	20	25	31	21	31	31	22	24	32	33	28	11	27	25	19	18	13	19	19	20	36	104	275	406	798	1328	2083	3228	4339	5636	6232	5859	4388	3189	2237	1723	1565	1181	1154	1029	534	167	132	136	107	92	68	67	53	47	48	82	41	30	25	15	4	3	1	4	0	0	0	0	0	0	0	1	0	0	0	0	0	0	0	0	0	0	0	0	0	0	0	0	0	0	0	0	0
7/4/2024	08:58:58.54  PM	10.00	4.081	4.095	49.626	1.614	4.095	631.153	4.095	303.067	0.000	95.437	0.000	0.000	189	137	98	86	53	44	38	37	42	23	22	24	17	27	30	25	30	26	23	36	34	27	23	23	31	27	19	18	14	17	27	100	255	387	749	1248	2067	2978	4246	5404	5938	5698	4428	3154	2327	1926	1422	1178	1153	995	540	155	118	113	81	108	71	81	60	54	37	73	53	36	26	16	10	11	3	2	0	0	1	0	0	0	0	0	0	0	1	0	2	0	0	0	0	0	0	0	0	0	0	0	0	0	0	0	0
7/4/2024	08:59:08.54  PM	10.00	4.094	4.095	49.636	1.612	4.095	631.385	4.095	302.928	0.000	95.429	0.000	0.000	176	149	113	81	64	42	32	47	40	35	25	20	27	19	32	35	22	27	34	30	28	22	24	21	24	16	15	18	17	20	34	97	236	389	718	1219	1945	2935	4072	5189	6052	5517	4475	2974	2325	1843	1471	1208	1173	974	517	145	129	100	101	101	79	75	64	34	34	79	55	39	19	17	12	7	6	2	1	0	0	1	1	0	0	0	0	0	1	0	0	0	0	0	0	0	0	0	0	0	0	0	0	0	0	0	0
7/4/2024	08:59:18.54  PM	10.00	4.095	4.095	49.622	1.611	4.095	631.185	4.095	302.831	0.000	95.436	0.000	0.000	163	137	95	84	63	49	43	50	44	25	24	20	27	32	27	28	32	33	24	27	33	15	24	18	20	22	17	20	26	20	26	102	264	363	735	1213	1914	2977	4030	5164	5902	5476	4395	3092	2126	1816	1423	1143	1098	1005	483	164	112	124	92	94	77	60	72	45	49	75	61	27	26	16	8	3	5	2	0	1	0	0	0	0	0	1	0	0	0	0	0	0	0	0	0	0	0	0	0	0	0	1	0	0	0	0	0
7/4/2024	08:59:28.54  PM	10.00	4.080	4.095	49.640	1.614	4.095	631.280	4.095	302.810	0.000	95.438	0.000	0.000	198	153	114	83	52	52	44	43	43	27	19	28	32	26	32	26	18	32	26	32	30	30	33	29	19	16	23	21	18	24	37	112	256	364	668	1203	1864	2859	4049	4979	5748	5416	4106	2910	2158	1782	1481	1100	1068	947	533	146	127	112	82	80	74	66	56	42	51	74	48	38	22	20	13	4	2	1	0	0	0	2	0	1	0	0	0	0	0	0	0	1	0	1	0	0	0	0	0	0	0	0	0	1	0	0	0
