Date	Time	Accum.	Scatter	Current	Sample	Ref.	Temp.	Sheath	Diff.	Box	Purge	Pres.	Aux.	Flow	90.00	94.39	98.99	103.81	108.87	114.17	119.74	125.57	131.69	138.11	144.84	151.90	159.30	167.06	175.20	183.74	192.69	202.09	211.93	222.26	233.09	244.45	256.36	268.86	281.96	295.70	310.11	325.22	341.07	357.69	375.12	393.40	412.57	432.67	453.76	475.87	499.06	523.38	548.89	575.63	603.69	633.10	663.96	696.31	730.24	765.83	803.15	842.29	883.33	926.38	971.52	1018.87	1068.52	1120.59	1175.20	1232.46	1292.52	1355.51	1421.57	1490.84	1563.49	1639.68	1719.59	1803.38	1891.27	1983.43	2080.08	2181.45	2287.75	2399.24	2516.16	2638.77	2767.36	2902.22	3043.65	3191.97	3347.52	3510.65	3681.73	3861.14	4049.30	4246.63	4453.57	4670.60	4898.20	5136.90	5387.23	5649.75	5925.07	6213.81	6516.61	6834.18	7167.22	7516.48	7882.77	8266.91	8669.77	9092.25	9535.33
-	-	Secs	Volts	Volts	sccm	Volts	Volts	sccm	Volts	K	sccm	kPa	Volts	sccm	94.39	98.99	103.81	108.87	114.17	119.74	125.57	131.69	138.11	144.84	151.90	159.30	167.06	175.20	183.74	192.69	202.09	211.93	222.26	233.09	244.45	256.36	268.86	281.96	295.70	310.11	325.22	341.07	357.69	375.12	393.40	412.57	432.67	453.76	475.87	499.06	523.38	548.89	575.63	603.69	633.10	663.96	696.31	730.24	765.83	803.15	842.29	883.33	926.38	971.52	1018.87	1068.52	1120.59	1175.20	1232.46	1292.52	1355.51	1421.57	1490.84	1563.49	1639.68	1719.59	1803.38	1891.27	1983.43	2080.08	2181.45	2287.75	2399.24	2516.16	2638.77	2767.36	2902.22	3043.65	3191.97	3347.52	3510.65	3681.73	3861.14	4049.30	4246.63	4453.57	4670.60	4898.20	5136.90	5387.23	5649.75	5925.07	6213.81	6516.61	6834.18	7167.22	7516.48	7882.77	8266.91	8669.77	9092.25	9535.33	10000.00
7/5/2024	01:44:27.65  AM	10.00	0.400	4.054	49.131	1.556	4.054	621.936	4.054	299.763	0.000	94.749	0.000	0.000	1298	186	55	218	430	288	74	61	61	33	11	13	12	5	5	4	6	6	5	10	9	4	6	6	3	8	2	2	2	0	2	0	1	0	0	0	0	0	2	1	0	0	0	1	1	1	1	0	1	0	1	0	0	1	2	1	0	0	1	2	0	1	0	1	0	0	0	0	0	0	0	0	0	0	0	0	0	0	0	0	0	0	0	0	0	0	0	0	0	0	0	0	0	0	0	0	0	0	0
7/5/2024	01:44:37.65  AM	10.00	0.401	4.095	49.627	1.566	4.095	627.966	4.095	302.845	0.000	95.707	0.000	0.000	1268	197	57	175	435	312	86	67	58	34	18	11	8	12	9	7	5	8	2	5	6	3	3	4	6	4	1	0	0	2	0	0	1	0	1	0	1	1	0	0	0	0	0	0	0	0	0	0	0	0	0	0	0	0	0	0	0	0	0	0	0	0	0	0	0	0	0	0	0	0	0	0	0	0	0	0	0	0	0	0	0	0	0	0	0	0	0	0	0	0	0	0	0	0	0	0	0	0	0
7/5/2024	01:44:47.65  AM	10.00	0.402	4.095	49.645	1.567	4.095	628.042	4.095	302.868	0.000	95.707	0.000	0.000	1355	198	46	211	442	297	106	65	62	33	15	11	12	3	6	8	5	3	6	6	3	13	5	2	1	3	2	1	2	1	0	0	0	0	0	0	0	0	0	0	0	0	0	0	0	0	0	0	0	0	0	0	0	0	0	0	0	0	0	0	0	0	0	0	0	0	0	0	0	0	0	0	0	0	0	0	0	0	0	0	0	0	0	0	0	0	0	0	0	0	0	0	0	0	0	0	0	0	0
7/5/2024	01:44:57.65  AM	10.00	0.403	4.095	49.620	1.568	4.095	627.934	4.095	302.755	0.000	95.708	0.000	0.000	1426	222	53	216	452	294	88	55	57	31	17	10	4	4	10	9	6	3	4	5	3	4	4	8	4	6	1	1	0	1	0	0	0	0	0	1	0	0	0	0	1	0	0	0	0	0	0	0	0	0	0	0	0	0	0	0	0	0	0	0	0	0	0	0	0	0	0	0	0	0	0	0	0	0	0	0	0	0	0	0	0	0	0	0	0	0	0	0	0	0	0	0	0	0	0	0	0	0	0
7/5/2024	01:45:07.65  AM	10.00	0.403	4.095	49.629	1.570	4.095	627.820	4.095	302.748	0.000	95.701	0.000	0.000	1485	238	67	187	494	318	90	37	57	25	20	12	7	2	1	7	12	6	2	2	5	5	0	3	2	0	2	1	0	1	0	0	0	0	0	1	0	0	0	0	1	0	0	0	0	0	0	0	0	0	0	0	0	0	0	0	0	0	0	0	0	0	0	0	0	0	0	0	0	0	0	0	0	0	0	0	0	0	0	0	0	0	0	0	0	0	0	0	0	0	0	0	0	0	0	0	0	0	0
7/5/2024	01:45:17.66  AM	10.00	0.404	4.095	49.643	1.568	4.095	627.915	4.095	302.690	0.000	95.709	0.000	0.000	1491	207	50	197	449	339	89	67	71	19	16	4	1	3	9	4	12	5	2	6	7	5	3	1	3	4	0	0	0	0	0	2	0	1	0	0	0	0	0	0	0	0	0	0	0	0	0	0	0	0	0	0	0	0	0	0	0	0	0	0	0	0	0	0	0	0	0	0	0	0	0	0	0	0	0	0	0	0	0	0	0	0	0	0	0	0	0	0	0	0	0	0	0	0	0	0	0	0	0
7/5/2024	01:45:27.66  AM	10.00	0.404	4.095	49.625	1.570	4.095	627.938	4.095	302.682	0.000	95.702	0.000	0.000	1656	276	53	185	418	335	103	55	61	32	21	8	7	4	9	10	3	8	7	1	8	5	2	9	3	1	3	2	0	0	0	0	1	0	0	0	0	0	0	0	0	0	0	0	0	0	0	0	0	0	0	0	0	0	0	0	0	0	0	0	0	0	0	0	0	0	0	0	0	0	0	0	0	0	0	0	0	0	0	0	0	0	0	0	0	0	0	0	0	0	0	0	0	0	0	0	0	0	0
7/5/2024	01:45:37.66  AM	10.00	0.409	4.095	49.632	1.574	4.095	627.716	4.095	302.725	0.000	95.702	0.000	0.000	1753	291	54	157	427	346	102	53	61	34	14	5	1	10	8	7	3	6	3	2	3	4	1	5	3	1	3	0	0	0	0	0	0	0	0	0	0	0	1	0	0	0	0	0	0	0	0	0	0	0	0	0	0	0	0	0	0	0	0	0	0	0	0	0	0	0	0	0	0	0	0	0	0	0	0	0	0	0	0	0	0	0	0	0	0	0	0	0	0	0	0	0	0	0	0	0	0	0	0
7/5/2024	01:45:47.66  AM	10.00	0.410	4.095	49.639	1.577	4.095	627.721	4.095	302.715	0.000	95.701	0.000	0.000	1991	300	53	184	459	336	111	47	66	32	21	15	9	3	7	5	8	6	2	2	6	9	5	1	7	6	1	1	0	1	0	0	0	0	0	1	0	0	0	0	0	0	0	0	0	0	0	0	0	0	0	0	0	0	0	0	0	0	0	0	0	0	0	0	0	0	0	0	0	0	0	0	0	0	0	0	0	0	0	0	0	0	0	0	0	0	0	0	0	0	0	0	0	0	0	0	0	0	0
7/5/2024	01:45:57.66  AM	10.00	0.411	4.095	49.620	1.580	4.095	627.626	4.095	302.664	0.000	95.707	0.000	0.000	2032	310	70	158	444	354	144	66	60	31	11	10	6	4	5	3	6	4	1	5	7	4	3	3	4	5	0	1	1	0	1	0	0	0	0	0	0	0	0	0	0	0	0	0	0	0	0	0	0	0	0	0	0	0	0	0	0	0	0	0	0	0	0	0	0	0	0	0	0	0	0	0	0	0	0	0	0	0	0	0	0	0	0	0	0	0	0	0	0	0	0	0	0	0	0	0	0	0	0
7/5/2024	01:46:07.66  AM	10.00	0.410	4.095	49.628	1.582	4.095	627.688	4.095	302.683	0.000	95.705	0.000	0.000	1989	353	60	141	405	351	101	57	65	38	19	16	8	8	2	3	10	7	4	4	2	7	7	2	3	5	0	0	0	0	0	0	0	0	0	0	0	0	0	0	0	0	0	0	0	0	0	0	1	0	0	0	0	0	0	0	0	0	0	0	0	0	0	0	0	0	0	0	0	0	0	0	0	0	0	0	0	0	0	0	0	0	0	0	0	0	0	0	0	0	0	0	0	0	0	0	0	0	0
