Date	Time	Accum.	Scatter	Current	Sample	Ref.	Temp.	Sheath	Diff.	Box	Purge	Pres.	Aux.	Flow	90.00	94.39	98.99	103.81	108.87	114.17	119.74	125.57	131.69	138.11	144.84	151.90	159.30	167.06	175.20	183.74	192.69	202.09	211.93	222.26	233.09	244.45	256.36	268.86	281.96	295.70	310.11	325.22	341.07	357.69	375.12	393.40	412.57	432.67	453.76	475.87	499.06	523.38	548.89	575.63	603.69	633.10	663.96	696.31	730.24	765.83	803.15	842.29	883.33	926.38	971.52	1018.87	1068.52	1120.59	1175.20	1232.46	1292.52	1355.51	1421.57	1490.84	1563.49	1639.68	1719.59	1803.38	1891.27	1983.43	2080.08	2181.45	2287.75	2399.24	2516.16	2638.77	2767.36	2902.22	3043.65	3191.97	3347.52	3510.65	3681.73	3861.14	4049.30	4246.63	4453.57	4670.60	4898.20	5136.90	5387.23	5649.75	5925.07	6213.81	6516.61	6834.18	7167.22	7516.48	7882.77	8266.91	8669.77	9092.25	9535.33
-	-	Secs	Volts	Volts	sccm	Volts	Volts	sccm	Volts	K	sccm	kPa	Volts	sccm	94.39	98.99	103.81	108.87	114.17	119.74	125.57	131.69	138.11	144.84	151.90	159.30	167.06	175.20	183.74	192.69	202.09	211.93	222.26	233.09	244.45	256.36	268.86	281.96	295.70	310.11	325.22	341.07	357.69	375.12	393.40	412.57	432.67	453.76	475.87	499.06	523.38	548.89	575.63	603.69	633.10	663.96	696.31	730.24	765.83	803.15	842.29	883.33	926.38	971.52	1018.87	1068.52	1120.59	1175.20	1232.46	1292.52	1355.51	1421.57	1490.84	1563.49	1639.68	1719.59	1803.38	1891.27	1983.43	2080.08	2181.45	2287.75	2399.24	2516.16	2638.77	2767.36	2902.22	3043.65	3191.97	3347.52	3510.65	3681.73	3861.14	4049.30	4246.63	4453.57	4670.60	4898.20	5136.90	5387.23	5649.75	5925.07	6213.81	6516.61	6834.18	7167.22	7516.48	7882.77	8266.91	8669.77	9092.25	9535.33	10000.00
7/4/2024	05:10:57.49  PM	10.00	4.034	4.054	49.134	1.660	4.054	634.408	4.054	300.328	0.000	94.370	0.000	0.000	90	91	90	56	71	63	75	75	84	47	28	32	45	50	37	22	35	41	34	52	82	221	714	1686	5149	9823	10017	9162	9800	8236	4986	2753	1219	677	593	501	398	301	240	186	135	116	85	66	38	41	34	17	23	15	6	2	0	1	1	1	1	1	0	0	0	2	1	0	0	0	0	0	0	0	0	0	0	0	0	0	0	0	0	0	0	0	0	0	0	0	0	0	0	0	0	0	0	0	0	0	0	0	0
7/4/2024	05:11:07.49  PM	10.00	4.065	4.095	49.629	1.675	4.095	640.875	4.095	303.370	0.000	95.328	0.000	0.000	99	114	91	82	75	69	71	75	83	38	50	45	34	31	26	39	36	32	32	54	88	244	608	1555	4893	9492	9820	9108	9401	8235	5001	2837	1278	698	558	490	379	291	227	184	146	103	90	66	54	26	28	17	11	8	5	3	1	2	1	3	1	1	1	0	1	0	0	0	0	1	0	0	0	0	0	0	0	0	0	0	0	0	0	1	0	0	0	0	0	0	0	0	0	0	0	0	0	0	0	0	0	0	0
7/4/2024	05:11:17.49  PM	10.00	4.070	4.095	49.622	1.675	4.095	641.014	4.095	303.305	0.000	95.323	0.000	0.000	68	80	58	68	47	63	56	67	78	48	24	28	43	43	24	37	23	26	34	49	73	215	659	1542	4869	9744	10262	9109	9562	8193	4880	2702	1230	675	524	447	389	293	264	180	134	93	84	55	51	28	28	14	18	10	1	4	0	2	2	0	0	0	0	1	1	0	0	0	0	0	0	0	0	0	0	0	0	0	0	0	0	0	0	0	0	0	0	0	0	0	0	0	0	0	0	0	0	0	0	0	0	0	0
7/4/2024	05:11:27.49  PM	10.00	4.066	4.095	49.650	1.673	4.095	641.162	4.095	303.196	0.000	95.321	0.000	0.000	82	97	68	66	63	89	68	60	72	53	34	44	38	34	40	33	36	21	33	41	107	218	668	1654	4961	9696	9998	9084	9541	8231	4974	2718	1208	717	572	485	415	324	234	173	152	110	82	64	42	22	23	15	14	14	6	1	2	1	0	0	0	1	0	0	0	0	0	0	0	0	0	0	0	0	0	0	0	0	0	0	0	0	0	0	0	0	0	0	0	0	0	0	0	0	0	0	0	0	0	0	0	0	0
7/4/2024	05:11:37.49  PM	10.00	4.073	4.095	49.619	1.672	4.095	640.990	4.095	303.095	0.000	95.332	0.000	0.000	96	93	62	88	77	59	60	78	84	57	32	35	37	38	28	43	34	21	36	59	80	208	610	1537	4911	9471	9945	9218	9667	8274	5013	2934	1278	677	595	493	405	300	221	180	165	106	72	58	49	21	23	18	17	9	3	0	2	0	1	0	1	1	1	1	0	0	2	0	0	0	0	0	0	0	0	0	0	0	0	0	0	0	0	0	0	0	0	0	0	0	0	0	0	0	0	0	0	0	0	0	0	0	0
7/4/2024	05:11:47.49  PM	10.00	4.073	4.095	49.631	1.669	4.095	640.995	4.095	303.029	0.000	95.326	0.000	0.000	99	86	77	71	71	76	67	82	71	65	36	33	36	43	45	38	30	44	41	44	84	191	613	1568	5006	9484	9879	8956	9553	8266	4972	2756	1224	720	555	484	410	320	242	182	150	101	101	56	46	32	26	12	21	13	7	1	1	3	0	1	1	1	0	0	1	1	0	0	0	0	0	0	0	0	0	0	0	0	0	0	0	0	0	0	0	0	0	0	0	0	0	0	0	0	0	0	0	0	0	0	0	0	0
7/4/2024	05:11:57.49  PM	10.00	4.071	4.095	49.624	1.666	4.095	641.009	4.095	303.024	0.000	95.331	0.000	0.000	85	81	76	71	71	61	76	80	71	54	31	33	48	37	30	24	30	23	40	47	85	217	641	1563	5055	9601	9996	9095	9738	8340	5119	2819	1284	701	614	526	427	325	260	213	154	110	90	48	41	31	30	19	13	9	7	1	1	1	3	2	2	0	1	2	0	1	0	0	0	0	0	0	0	0	0	0	0	0	0	0	0	0	0	0	0	0	0	0	0	0	0	0	0	0	0	0	0	0	0	0	0	0	0
7/4/2024	05:12:07.49  PM	10.00	4.055	4.095	49.635	1.664	4.095	640.985	4.095	303.019	0.000	95.328	0.000	0.000	84	81	73	85	58	67	64	68	60	43	35	32	32	37	35	39	21	19	36	34	89	239	623	1549	4828	9622	9998	8965	9922	8459	5128	2886	1310	703	616	508	408	288	241	194	156	117	75	62	41	34	18	21	18	15	2	1	3	2	0	3	1	0	0	0	0	2	0	1	0	0	0	0	0	0	0	0	0	0	0	0	0	0	0	0	0	0	0	0	0	0	0	0	0	0	0	0	0	0	0	0	0	0	0
7/4/2024	05:12:17.49  PM	10.00	4.043	4.095	49.629	1.663	4.095	641.410	4.095	303.005	0.000	95.328	0.000	0.000	109	72	95	76	70	60	58	62	72	53	30	45	43	50	30	25	37	34	38	59	92	269	638	1633	4883	9642	10248	9329	9683	8549	5220	2906	1293	722	629	503	441	301	261	199	151	113	118	68	53	45	23	19	24	13	7	6	1	0	0	1	0	0	1	0	0	0	0	0	1	0	0	0	0	0	0	0	0	0	0	0	0	0	0	0	0	0	0	0	0	0	0	0	0	0	0	0	0	0	0	0	0	0	0
7/4/2024	05:12:27.49  PM	10.00	4.070	4.095	49.622	1.669	4.095	641.324	4.095	303.015	0.000	95.330	0.000	0.000	89	97	102	76	68	70	73	70	86	56	36	37	40	34	34	34	35	31	36	40	81	192	607	1600	4751	9494	10003	9082	9779	8762	5300	2927	1299	733	629	476	424	323	248	195	151	111	81	63	44	45	27	26	14	13	6	1	1	1	1	1	0	0	1	0	0	0	0	0	2	0	0	0	1	0	0	0	0	0	0	0	0	0	0	0	0	0	0	0	0	0	0	0	0	0	0	0	0	0	0	1	0	0	0
7/4/2024	05:12:37.49  PM	10.00	4.062	4.095	49.620	1.671	4.095	641.458	4.095	302.987	0.000	95.325	0.000	0.000	96	105	87	72	79	74	76	65	92	56	41	43	39	28	31	41	31	31	39	46	88	226	657	1588	4870	9585	10122	9103	9676	8395	5102	2813	1305	713	601	486	463	332	248	174	145	111	74	68	49	36	30	21	20	12	6	1	1	3	2	2	2	0	0	2	0	2	0	0	0	0	0	0	0	0	0	0	0	0	0	0	0	0	0	0	0	0	0	0	0	0	0	0	0	0	0	0	0	0	0	0	0	0	0
