Date	Time	Accum.	Scatter	Current	Sample	Ref.	Temp.	Sheath	Diff.	Box	Purge	Pres.	Aux.	Flow	90.00	94.39	98.99	103.81	108.87	114.17	119.74	125.57	131.69	138.11	144.84	151.90	159.30	167.06	175.20	183.74	192.69	202.09	211.93	222.26	233.09	244.45	256.36	268.86	281.96	295.70	310.11	325.22	341.07	357.69	375.12	393.40	412.57	432.67	453.76	475.87	499.06	523.38	548.89	575.63	603.69	633.10	663.96	696.31	730.24	765.83	803.15	842.29	883.33	926.38	971.52	1018.87	1068.52	1120.59	1175.20	1232.46	1292.52	1355.51	1421.57	1490.84	1563.49	1639.68	1719.59	1803.38	1891.27	1983.43	2080.08	2181.45	2287.75	2399.24	2516.16	2638.77	2767.36	2902.22	3043.65	3191.97	3347.52	3510.65	3681.73	3861.14	4049.30	4246.63	4453.57	4670.60	4898.20	5136.90	5387.23	5649.75	5925.07	6213.81	6516.61	6834.18	7167.22	7516.48	7882.77	8266.91	8669.77	9092.25	9535.33
-	-	Secs	Volts	Volts	sccm	Volts	Volts	sccm	Volts	K	sccm	kPa	Volts	sccm	94.39	98.99	103.81	108.87	114.17	119.74	125.57	131.69	138.11	144.84	151.90	159.30	167.06	175.20	183.74	192.69	202.09	211.93	222.26	233.09	244.45	256.36	268.86	281.96	295.70	310.11	325.22	341.07	357.69	375.12	393.40	412.57	432.67	453.76	475.87	499.06	523.38	548.89	575.63	603.69	633.10	663.96	696.31	730.24	765.83	803.15	842.29	883.33	926.38	971.52	1018.87	1068.52	1120.59	1175.20	1232.46	1292.52	1355.51	1421.57	1490.84	1563.49	1639.68	1719.59	1803.38	1891.27	1983.43	2080.08	2181.45	2287.75	2399.24	2516.16	2638.77	2767.36	2902.22	3043.65	3191.97	3347.52	3510.65	3681.73	3861.14	4049.30	4246.63	4453.57	4670.60	4898.20	5136.90	5387.23	5649.75	5925.07	6213.81	6516.61	6834.18	7167.22	7516.48	7882.77	8266.91	8669.77	9092.25	9535.33	10000.00
7/5/2024	01:28:44.74  AM	10.00	0.406	4.054	49.104	1.546	4.054	619.631	4.054	300.225	0.000	94.757	0.000	0.000	175	84	41	14	7	2	1	0	6	1	5	3	3	0	2	1	1	0	0	0	2	2	0	1	2	4	1	2	0	2	0	0	0	0	0	0	0	0	1	4	2	1	3	2	1	2	1	3	1	2	2	2	0	1	3	2	0	3	2	2	1	2	0	0	1	0	0	0	0	0	0	0	0	0	0	0	0	0	0	0	0	0	0	0	0	0	0	0	0	0	0	0	0	0	0	0	0	0	0
7/5/2024	01:28:54.74  AM	10.00	0.404	4.095	49.631	1.564	4.095	625.752	4.095	303.312	0.000	95.719	0.000	0.000	80	19	13	13	1	1	3	3	2	0	0	2	0	2	0	0	1	1	2	1	1	0	0	0	0	0	0	0	0	0	0	0	0	0	0	0	0	0	0	0	0	0	0	0	0	0	1	0	0	0	0	0	0	0	0	0	0	0	0	0	0	0	0	0	0	0	0	0	0	0	0	0	0	0	0	0	0	0	0	0	0	0	0	0	0	0	0	0	0	0	0	0	0	0	0	0	0	0	0
7/5/2024	01:29:04.74  AM	10.00	0.404	4.095	49.620	1.565	4.095	625.700	4.095	303.505	0.000	95.715	0.000	0.000	94	20	14	16	3	1	8	4	4	2	1	2	0	6	1	0	1	1	1	0	1	0	1	0	0	0	0	2	0	0	0	0	0	0	0	0	0	0	0	0	0	0	0	0	0	0	1	0	0	0	0	0	0	0	0	0	0	0	0	0	0	0	0	0	0	0	0	0	0	0	0	0	0	0	0	0	0	0	0	0	0	0	0	0	0	0	0	0	0	0	0	0	0	0	0	0	0	0	0
7/5/2024	01:29:14.74  AM	10.00	0.404	4.095	49.615	1.564	4.095	625.709	4.095	303.483	0.000	95.719	0.000	0.000	72	22	11	7	1	4	4	2	1	1	0	1	1	0	2	2	0	0	0	1	0	0	0	2	0	1	0	0	0	0	0	0	1	0	0	0	0	0	0	0	1	0	0	0	0	0	0	0	0	0	0	0	0	0	0	0	0	0	0	0	0	0	0	0	0	0	0	0	0	0	0	0	0	0	0	0	0	0	0	0	0	0	0	0	0	0	0	0	0	0	0	0	0	0	0	0	0	0	0
7/5/2024	01:29:24.74  AM	10.00	0.404	4.095	49.626	1.564	4.095	625.648	4.095	303.432	0.000	95.709	0.000	0.000	80	18	10	5	2	3	1	3	4	0	3	1	0	4	0	1	1	2	2	0	0	0	0	0	1	0	0	0	0	0	0	0	0	0	0	0	0	0	0	0	0	0	0	0	0	0	0	0	0	0	0	0	0	0	0	0	0	0	0	0	0	0	0	0	0	0	0	0	0	0	0	0	0	0	0	0	0	0	0	0	0	0	0	0	0	0	0	0	0	0	0	0	0	0	0	0	0	0	0
7/5/2024	01:29:34.74  AM	10.00	0.404	4.095	49.636	1.565	4.095	625.648	4.095	303.375	0.000	95.719	0.000	0.000	85	13	16	6	3	2	2	3	2	4	3	2	1	1	2	1	0	2	1	1	0	1	1	0	0	1	0	0	0	1	0	0	0	0	0	0	0	0	1	0	0	0	0	0	0	0	0	0	0	0	0	0	0	0	0	0	0	0	0	0	0	0	0	0	0	0	0	0	0	0	0	0	0	0	0	0	0	0	0	0	0	0	0	0	0	0	0	0	0	0	0	0	0	0	0	0	0	0	0
7/5/2024	01:29:44.74  AM	10.00	0.405	4.095	49.636	1.570	4.095	625.700	4.095	303.264	0.000	95.723	0.000	0.000	79	17	11	6	5	3	3	4	3	5	2	1	2	1	1	1	1	0	0	0	1	1	0	1	1	0	0	1	1	0	0	0	0	0	1	0	0	0	0	0	0	0	0	0	0	0	0	0	0	0	0	0	0	0	0	0	0	0	0	0	0	0	0	0	0	0	0	0	0	0	0	0	0	0	0	0	0	0	0	0	0	0	0	0	0	0	0	0	0	0	0	0	0	0	0	0	0	0	0
7/5/2024	01:29:54.74  AM	10.00	0.404	4.095	49.631	1.569	4.095	625.790	4.095	303.424	0.000	95.716	0.000	0.000	96	20	18	7	4	1	4	1	4	3	4	4	2	0	3	1	1	1	1	0	2	3	1	1	0	0	0	0	1	0	2	0	0	0	0	0	1	0	0	0	0	0	0	0	0	0	0	0	0	0	0	0	0	0	0	0	0	0	0	0	0	0	0	0	0	0	0	0	0	0	0	0	0	0	0	0	0	0	0	0	0	0	0	0	0	0	0	0	0	0	0	0	0	0	0	0	0	0	0
7/5/2024	01:30:04.74  AM	10.00	0.404	4.095	49.620	1.569	4.095	625.912	4.095	303.378	0.000	95.725	0.000	0.000	85	16	14	4	1	2	2	2	5	2	3	0	1	1	2	1	1	0	0	0	0	1	1	0	0	1	0	0	0	0	1	0	0	0	0	1	0	0	0	0	0	0	0	0	0	0	0	0	0	0	0	0	0	0	0	0	0	0	0	0	0	0	0	0	0	0	0	0	0	0	0	0	0	0	0	0	0	0	0	0	0	0	0	0	0	0	0	0	0	0	0	0	0	0	0	0	0	0	0
7/5/2024	01:30:14.74  AM	10.00	0.404	4.095	49.642	1.568	4.095	625.856	4.095	303.262	0.000	95.716	0.000	0.000	85	20	9	4	4	5	3	6	4	5	6	2	1	1	2	4	3	1	1	1	0	0	1	0	1	0	0	0	0	1	0	1	1	0	0	0	0	0	0	0	0	0	0	0	0	0	0	0	0	0	0	0	0	0	1	0	0	0	0	0	0	0	0	0	0	0	0	0	0	0	0	0	0	0	0	0	0	0	0	0	0	0	0	0	0	0	0	0	0	0	0	0	0	0	0	0	0	0	0
7/5/2024	01:30:24.74  AM	10.00	0.404	4.095	49.615	1.570	4.095	625.959	4.095	303.225	0.000	95.707	0.000	0.000	88	24	23	7	5	3	4	2	8	3	3	3	9	5	1	1	3	4	1	1	3	2	1	0	2	0	2	0	1	1	1	0	1	1	0	1	0	0	0	0	0	0	0	0	1	0	0	0	0	0	0	0	0	1	0	0	0	0	0	0	0	0	0	0	0	0	0	0	0	0	0	0	0	0	0	0	0	0	0	0	0	0	0	0	0	0	0	0	0	0	0	0	0	0	0	0	0	0	0
