Date	Time	Accum.	Scatter	Current	Sample	Ref.	Temp.	Sheath	Diff.	Box	Purge	Pres.	Aux.	Flow	90.00	94.39	98.99	103.81	108.87	114.17	119.74	125.57	131.69	138.11	144.84	151.90	159.30	167.06	175.20	183.74	192.69	202.09	211.93	222.26	233.09	244.45	256.36	268.86	281.96	295.70	310.11	325.22	341.07	357.69	375.12	393.40	412.57	432.67	453.76	475.87	499.06	523.38	548.89	575.63	603.69	633.10	663.96	696.31	730.24	765.83	803.15	842.29	883.33	926.38	971.52	1018.87	1068.52	1120.59	1175.20	1232.46	1292.52	1355.51	1421.57	1490.84	1563.49	1639.68	1719.59	1803.38	1891.27	1983.43	2080.08	2181.45	2287.75	2399.24	2516.16	2638.77	2767.36	2902.22	3043.65	3191.97	3347.52	3510.65	3681.73	3861.14	4049.30	4246.63	4453.57	4670.60	4898.20	5136.90	5387.23	5649.75	5925.07	6213.81	6516.61	6834.18	7167.22	7516.48	7882.77	8266.91	8669.77	9092.25	9535.33
-	-	Secs	Volts	Volts	sccm	Volts	Volts	sccm	Volts	K	sccm	kPa	Volts	sccm	94.39	98.99	103.81	108.87	114.17	119.74	125.57	131.69	138.11	144.84	151.90	159.30	167.06	175.20	183.74	192.69	202.09	211.93	222.26	233.09	244.45	256.36	268.86	281.96	295.70	310.11	325.22	341.07	357.69	375.12	393.40	412.57	432.67	453.76	475.87	499.06	523.38	548.89	575.63	603.69	633.10	663.96	696.31	730.24	765.83	803.15	842.29	883.33	926.38	971.52	1018.87	1068.52	1120.59	1175.20	1232.46	1292.52	1355.51	1421.57	1490.84	1563.49	1639.68	1719.59	1803.38	1891.27	1983.43	2080.08	2181.45	2287.75	2399.24	2516.16	2638.77	2767.36	2902.22	3043.65	3191.97	3347.52	3510.65	3681.73	3861.14	4049.30	4246.63	4453.57	4670.60	4898.20	5136.90	5387.23	5649.75	5925.07	6213.81	6516.61	6834.18	7167.22	7516.48	7882.77	8266.91	8669.77	9092.25	9535.33	10000.00
7/4/2024	10:38:00.85  PM	10.00	4.033	4.054	49.125	1.558	4.054	625.398	4.054	300.382	0.000	94.583	0.000	0.000	182	175	128	81	67	29	27	23	33	16	9	16	25	29	39	69	64	106	123	160	163	211	242	259	342	352	262	281	245	219	202	227	144	95	102	94	132	123	133	160	174	230	237	362	611	1260	2107	3332	6583	9902	5691	1549	1232	1048	898	746	630	560	454	425	420	762	686	542	410	301	215	177	133	71	63	37	30	27	10	5	3	7	2	2	0	0	0	1	1	0	1	0	0	0	0	0	0	0	0	0	1	0	1
7/4/2024	10:38:10.85  PM	10.00	4.095	4.095	49.631	1.577	4.095	631.560	4.095	303.370	0.000	95.541	0.000	0.000	237	188	140	81	70	50	49	34	16	22	17	20	22	21	43	58	60	109	127	164	190	202	209	233	290	289	255	267	258	209	228	198	131	102	107	120	134	124	146	128	140	188	223	391	655	1254	2282	3533	6676	9663	5567	1677	1248	1048	864	776	629	606	514	457	440	746	671	514	407	292	200	187	128	77	64	45	38	23	13	7	6	5	0	5	0	2	5	3	1	1	0	0	2	0	2	1	1	1	0	0	1	0	2
7/4/2024	10:38:20.85  PM	10.00	4.094	4.095	49.631	1.577	4.095	631.475	4.095	303.342	0.000	95.550	0.000	0.000	218	154	100	101	63	58	41	30	26	22	6	14	24	17	41	66	87	98	122	169	199	254	244	262	328	361	294	263	256	251	248	222	137	117	112	125	120	134	130	124	158	190	252	354	593	1181	2022	3228	6218	9494	5590	1576	1210	1054	925	787	680	566	502	455	416	794	666	560	395	262	220	169	123	86	56	34	25	16	20	6	4	2	2	3	2	2	2	0	1	3	1	0	3	0	2	1	2	0	0	0	1	0	1
7/4/2024	10:38:30.85  PM	10.00	4.095	4.095	49.621	1.577	4.095	631.242	4.095	303.281	0.000	95.540	0.000	0.000	260	181	124	90	62	48	31	26	27	16	15	15	17	27	33	54	71	96	145	150	214	245	201	254	284	330	268	258	263	258	215	198	147	109	107	111	138	108	142	145	186	175	226	355	566	1088	1873	3224	6231	9339	5586	1612	1273	1103	932	797	681	551	510	467	401	796	661	497	391	275	201	166	124	92	61	36	30	23	15	14	8	7	3	1	1	0	0	1	1	0	1	0	0	0	0	1	1	0	2	0	0	0	0
7/4/2024	10:38:40.85  PM	10.00	4.082	4.095	49.611	1.571	4.095	631.067	4.095	303.283	0.000	95.545	0.000	0.000	190	136	101	62	42	34	24	30	20	13	10	19	21	28	36	42	88	100	130	167	193	230	241	234	348	335	288	266	266	279	216	231	141	103	119	121	142	136	132	161	180	203	235	372	564	1126	1913	3054	6126	9048	5642	1633	1327	1065	922	804	656	565	483	454	445	782	621	553	400	341	226	161	133	93	68	41	25	23	11	5	5	5	4	1	3	1	2	0	2	0	0	1	2	0	1	0	1	1	0	1	0	2	0
7/4/2024	10:38:50.85  PM	10.00	4.084	4.095	49.638	1.572	4.095	631.001	4.095	303.443	0.000	95.550	0.000	0.000	227	163	119	77	60	48	34	31	33	22	21	19	28	25	32	63	79	92	128	142	193	227	246	237	302	305	273	280	248	246	251	199	143	89	90	135	110	143	156	152	161	163	251	366	592	1143	2086	3153	6123	9410	5665	1571	1277	1141	928	820	674	585	503	459	407	779	721	528	393	274	213	177	111	80	53	34	28	23	13	5	3	0	4	4	3	3	1	1	1	1	0	2	1	0	0	0	0	1	2	0	1	1	0
7/4/2024	10:39:00.85  PM	10.00	4.095	4.095	49.611	1.575	4.095	631.352	4.095	303.523	0.000	95.548	0.000	0.000	245	176	95	97	59	40	33	32	27	28	17	15	24	24	30	47	79	115	142	152	190	227	264	294	356	350	263	321	293	247	248	216	130	92	116	99	111	138	150	172	157	198	244	341	618	1055	1967	3028	6013	9011	5454	1624	1232	1122	965	815	689	585	515	424	416	818	642	526	407	287	254	174	106	87	58	43	33	21	12	13	4	6	5	1	2	0	0	0	1	1	1	1	0	0	1	2	1	1	0	1	0	1	0
7/4/2024	10:39:10.85  PM	10.00	4.093	4.095	49.627	1.581	4.095	631.754	4.095	303.536	0.000	95.546	0.000	0.000	197	151	108	88	49	41	35	21	23	18	19	16	26	25	33	47	69	102	134	164	167	244	252	256	383	358	334	301	302	259	239	210	141	97	122	125	115	126	149	123	173	204	225	331	539	1158	1980	3040	5911	9120	5494	1550	1229	1035	906	753	696	576	457	421	406	748	665	512	359	306	190	176	132	96	66	28	29	20	10	9	4	0	1	1	2	0	1	0	0	2	0	0	0	1	1	1	3	0	2	0	0	0	0
7/4/2024	10:39:20.85  PM	10.00	4.091	4.095	49.616	1.580	4.095	631.664	4.095	303.616	0.000	95.554	0.000	0.000	197	173	120	82	41	37	21	25	24	25	7	18	18	28	36	56	70	83	137	171	194	206	222	289	408	358	343	369	326	270	260	218	137	108	98	124	101	136	133	153	150	148	213	347	559	1064	1856	3048	5693	8827	5271	1575	1275	1051	879	754	655	567	492	403	390	713	602	485	354	278	216	162	128	85	58	42	29	15	14	13	6	8	2	0	2	0	2	0	2	1	1	1	1	0	2	0	2	0	0	0	1	2	0
7/4/2024	10:39:30.85  PM	10.00	4.095	4.095	49.623	1.577	4.095	631.617	4.095	303.679	0.000	95.549	0.000	0.000	234	178	130	95	65	41	32	27	21	21	9	11	21	25	41	59	76	102	118	177	196	254	233	287	318	388	315	320	264	255	271	238	147	103	113	111	125	117	132	142	148	173	222	308	535	1001	1832	2900	5583	8693	5376	1678	1251	1055	956	824	694	589	483	439	397	695	604	500	328	254	176	150	114	74	52	37	32	25	20	10	4	3	0	0	2	2	0	0	1	0	1	1	1	0	1	1	1	2	2	2	0	1	0
7/4/2024	10:39:40.85  PM	10.00	4.072	4.095	49.621	1.580	4.095	631.475	4.095	303.583	0.000	95.550	0.000	0.000	195	160	104	72	52	45	32	34	31	16	13	14	23	31	49	30	64	84	137	152	210	219	251	255	372	410	354	343	316	300	293	231	138	97	128	116	108	131	128	146	176	198	216	298	545	929	1726	2874	5477	8712	5354	1623	1269	1110	950	774	681	538	487	458	373	741	605	564	348	255	227	149	128	92	58	41	27	11	8	7	8	5	0	3	0	4	1	3	1	0	1	1	1	1	0	2	2	1	0	1	1	0	0
