Date	Time	Accum.	Scatter	Current	Sample	Ref.	Temp.	Sheath	Diff.	Box	Purge	Pres.	Aux.	Flow	90.00	94.39	98.99	103.81	108.87	114.17	119.74	125.57	131.69	138.11	144.84	151.90	159.30	167.06	175.20	183.74	192.69	202.09	211.93	222.26	233.09	244.45	256.36	268.86	281.96	295.70	310.11	325.22	341.07	357.69	375.12	393.40	412.57	432.67	453.76	475.87	499.06	523.38	548.89	575.63	603.69	633.10	663.96	696.31	730.24	765.83	803.15	842.29	883.33	926.38	971.52	1018.87	1068.52	1120.59	1175.20	1232.46	1292.52	1355.51	1421.57	1490.84	1563.49	1639.68	1719.59	1803.38	1891.27	1983.43	2080.08	2181.45	2287.75	2399.24	2516.16	2638.77	2767.36	2902.22	3043.65	3191.97	3347.52	3510.65	3681.73	3861.14	4049.30	4246.63	4453.57	4670.60	4898.20	5136.90	5387.23	5649.75	5925.07	6213.81	6516.61	6834.18	7167.22	7516.48	7882.77	8266.91	8669.77	9092.25	9535.33
-	-	Secs	Volts	Volts	sccm	Volts	Volts	sccm	Volts	K	sccm	kPa	Volts	sccm	94.39	98.99	103.81	108.87	114.17	119.74	125.57	131.69	138.11	144.84	151.90	159.30	167.06	175.20	183.74	192.69	202.09	211.93	222.26	233.09	244.45	256.36	268.86	281.96	295.70	310.11	325.22	341.07	357.69	375.12	393.40	412.57	432.67	453.76	475.87	499.06	523.38	548.89	575.63	603.69	633.10	663.96	696.31	730.24	765.83	803.15	842.29	883.33	926.38	971.52	1018.87	1068.52	1120.59	1175.20	1232.46	1292.52	1355.51	1421.57	1490.84	1563.49	1639.68	1719.59	1803.38	1891.27	1983.43	2080.08	2181.45	2287.75	2399.24	2516.16	2638.77	2767.36	2902.22	3043.65	3191.97	3347.52	3510.65	3681.73	3861.14	4049.30	4246.63	4453.57	4670.60	4898.20	5136.90	5387.23	5649.75	5925.07	6213.81	6516.61	6834.18	7167.22	7516.48	7882.77	8266.91	8669.77	9092.25	9535.33	10000.00
7/4/2024	09:21:18.77  PM	10.00	4.054	4.054	49.132	1.579	4.054	629.678	4.054	300.390	0.000	94.516	0.000	0.000	197	143	102	72	55	40	34	32	31	26	13	25	31	41	37	61	83	81	90	101	115	123	125	120	145	109	100	113	111	134	142	116	87	60	86	102	127	189	323	459	801	1340	2147	3379	4743	5795	5780	4731	4260	3633	2182	647	510	496	429	453	331	316	274	231	200	347	252	177	92	56	46	25	15	6	10	6	2	2	3	1	0	0	0	1	0	0	0	0	0	0	0	0	0	0	1	0	0	0	0	0	1	0	0
7/4/2024	09:21:28.76  PM	10.00	4.095	4.095	49.632	1.582	4.095	636.211	4.095	303.274	0.000	95.463	0.000	0.000	197	164	107	91	57	54	33	26	45	28	19	21	28	49	44	53	70	90	107	108	108	112	120	127	135	122	86	110	100	154	119	120	75	68	81	103	127	180	298	463	781	1362	2271	3396	4737	5763	5893	4654	4235	3658	1973	580	501	484	444	432	334	293	269	248	221	358	240	162	114	70	36	21	10	5	12	3	4	3	1	1	0	0	2	0	0	2	0	0	0	0	0	0	0	0	0	0	0	0	0	0	0	1	1
7/4/2024	09:21:38.77  PM	10.00	4.095	4.095	49.629	1.572	4.095	636.244	4.095	303.264	0.000	95.460	0.000	0.000	201	185	140	87	49	57	34	39	33	22	20	18	25	43	47	55	96	76	98	108	119	126	113	109	122	114	93	84	121	117	128	117	92	69	56	100	126	200	323	493	824	1359	2256	3413	4908	5817	5783	4500	4192	3660	2059	644	523	459	451	437	370	315	262	248	221	346	244	185	98	56	31	17	13	6	4	6	4	2	1	1	0	0	1	0	0	0	1	1	0	1	0	0	1	0	0	1	0	0	0	0	0	0	0
7/4/2024	09:21:48.76  PM	10.00	4.076	4.095	49.638	1.566	4.095	636.235	4.095	303.352	0.000	95.462	0.000	0.000	194	175	115	63	57	43	41	43	38	26	20	29	28	43	46	65	72	96	107	102	122	111	127	110	135	114	103	102	118	106	108	122	88	54	85	95	129	211	307	512	878	1468	2258	3498	4848	5986	5838	4581	4164	3719	2051	648	546	498	438	370	362	296	301	236	184	351	274	162	93	47	26	23	15	7	3	3	2	0	1	1	0	2	0	0	1	0	0	0	1	0	0	0	0	1	1	0	1	1	1	0	0	0	0
7/4/2024	09:21:58.76  PM	10.00	4.095	4.095	49.616	1.557	4.095	636.344	4.095	303.458	0.000	95.465	0.000	0.000	205	144	96	82	63	40	31	40	28	29	15	21	33	35	60	71	72	82	95	101	115	115	129	123	143	124	97	103	140	106	122	127	71	73	81	107	142	198	303	523	872	1357	2320	3462	4882	5969	5729	4449	4064	3470	1935	616	528	495	409	411	368	318	243	251	212	332	244	171	100	56	34	15	18	8	3	4	2	1	2	2	1	2	1	0	2	0	0	1	2	0	0	0	1	0	1	1	0	0	0	0	0	1	0
7/4/2024	09:22:08.76  PM	10.00	4.095	4.095	49.633	1.550	4.095	636.240	4.095	303.564	0.000	95.467	0.000	0.000	199	170	104	70	62	45	37	34	33	27	18	31	12	42	62	59	77	102	106	131	110	141	132	113	137	132	102	103	121	111	105	111	67	61	81	86	158	208	335	549	911	1469	2393	3457	4763	5797	5616	4445	4041	3581	1961	684	511	459	434	409	326	283	273	219	203	345	240	181	101	49	29	19	7	8	2	2	4	2	3	2	0	0	0	0	0	0	1	0	0	0	0	0	1	0	0	0	0	0	1	0	0	0	0
7/4/2024	09:22:18.77  PM	10.00	4.095	4.095	49.629	1.544	4.095	636.259	4.095	303.637	0.000	95.461	0.000	0.000	173	154	108	61	69	44	27	32	26	32	17	23	35	39	59	57	84	86	102	119	116	138	111	103	146	131	106	110	127	129	126	90	61	82	70	98	149	227	323	546	869	1516	2502	3750	5051	5971	5676	4359	4021	3499	1938	604	534	500	433	405	365	304	301	239	215	348	240	165	75	62	33	26	8	7	4	2	3	1	1	2	2	0	0	1	1	0	0	0	2	1	0	0	0	0	0	0	0	0	1	1	1	1	0
7/4/2024	09:22:28.77  PM	10.00	4.095	4.095	49.647	1.542	4.095	636.259	4.095	303.668	0.000	95.462	0.000	0.000	231	168	124	74	64	47	37	27	34	17	20	15	25	41	36	60	87	97	110	115	124	112	113	135	141	124	112	118	122	136	126	121	83	60	81	93	149	202	328	517	845	1467	2486	3500	4874	5869	5721	4393	3953	3485	1997	696	558	449	395	381	323	344	280	221	200	368	256	145	86	52	39	24	14	8	4	1	5	2	1	3	0	1	1	1	0	0	1	0	1	0	1	1	0	1	0	0	0	1	0	1	0	0	1
7/4/2024	09:22:38.77  PM	10.00	4.095	4.095	49.620	1.557	4.095	636.339	4.095	303.637	0.000	95.466	0.000	0.000	213	209	141	102	70	41	46	45	29	29	17	24	34	41	45	86	93	99	85	133	121	122	125	115	144	122	124	127	103	134	132	127	75	66	88	99	141	220	345	481	895	1419	2390	3744	5021	5939	5638	4268	3895	3510	2021	643	475	503	439	349	340	284	256	231	204	335	243	146	89	75	36	20	12	6	3	2	3	1	0	0	2	0	2	1	2	1	0	0	0	1	0	0	0	0	0	0	0	0	2	1	0	0	0
7/4/2024	09:22:48.77  PM	10.00	4.095	4.095	49.636	1.557	4.095	636.306	4.095	303.505	0.000	95.464	0.000	0.000	189	174	120	73	71	44	27	35	33	27	17	20	38	40	68	82	88	114	101	117	125	116	139	125	135	129	102	113	118	121	114	118	73	58	97	103	140	199	285	499	855	1478	2363	3688	4887	5776	5559	4282	3958	3521	1939	622	565	504	390	365	334	317	307	210	204	351	247	166	72	45	33	28	9	5	3	3	2	2	2	2	0	0	0	1	1	0	2	1	0	0	0	1	0	0	0	1	0	0	0	1	0	0	1
7/4/2024	09:22:58.77  PM	10.00	4.095	4.095	49.626	1.560	4.095	636.249	4.095	303.444	0.000	95.467	0.000	0.000	227	182	110	80	45	47	36	29	27	23	13	15	30	33	56	68	89	97	87	124	130	117	125	120	128	117	98	123	132	134	135	101	66	67	71	106	126	202	361	600	954	1584	2530	3804	5225	6022	5532	4207	3891	3534	1811	625	532	460	444	378	324	287	238	219	195	311	250	145	79	46	25	26	15	8	3	3	1	1	0	0	1	1	2	0	0	0	0	0	0	0	1	1	0	0	0	0	0	1	0	1	0	0	0
