Date	Time	Accum.	Scatter	Current	Sample	Ref.	Temp.	Sheath	Diff.	Box	Purge	Pres.	Aux.	Flow	90.00	94.39	98.99	103.81	108.87	114.17	119.74	125.57	131.69	138.11	144.84	151.90	159.30	167.06	175.20	183.74	192.69	202.09	211.93	222.26	233.09	244.45	256.36	268.86	281.96	295.70	310.11	325.22	341.07	357.69	375.12	393.40	412.57	432.67	453.76	475.87	499.06	523.38	548.89	575.63	603.69	633.10	663.96	696.31	730.24	765.83	803.15	842.29	883.33	926.38	971.52	1018.87	1068.52	1120.59	1175.20	1232.46	1292.52	1355.51	1421.57	1490.84	1563.49	1639.68	1719.59	1803.38	1891.27	1983.43	2080.08	2181.45	2287.75	2399.24	2516.16	2638.77	2767.36	2902.22	3043.65	3191.97	3347.52	3510.65	3681.73	3861.14	4049.30	4246.63	4453.57	4670.60	4898.20	5136.90	5387.23	5649.75	5925.07	6213.81	6516.61	6834.18	7167.22	7516.48	7882.77	8266.91	8669.77	9092.25	9535.33
-	-	Secs	Volts	Volts	sccm	Volts	Volts	sccm	Volts	K	sccm	kPa	Volts	sccm	94.39	98.99	103.81	108.87	114.17	119.74	125.57	131.69	138.11	144.84	151.90	159.30	167.06	175.20	183.74	192.69	202.09	211.93	222.26	233.09	244.45	256.36	268.86	281.96	295.70	310.11	325.22	341.07	357.69	375.12	393.40	412.57	432.67	453.76	475.87	499.06	523.38	548.89	575.63	603.69	633.10	663.96	696.31	730.24	765.83	803.15	842.29	883.33	926.38	971.52	1018.87	1068.52	1120.59	1175.20	1232.46	1292.52	1355.51	1421.57	1490.84	1563.49	1639.68	1719.59	1803.38	1891.27	1983.43	2080.08	2181.45	2287.75	2399.24	2516.16	2638.77	2767.36	2902.22	3043.65	3191.97	3347.52	3510.65	3681.73	3861.14	4049.30	4246.63	4453.57	4670.60	4898.20	5136.90	5387.23	5649.75	5925.07	6213.81	6516.61	6834.18	7167.22	7516.48	7882.77	8266.91	8669.77	9092.25	9535.33	10000.00
7/5/2024	01:32:05.74  AM	10.00	4.066	4.095	49.649	1.580	4.095	631.072	4.095	303.220	0.000	95.709	0.000	0.000	198	129	89	66	51	30	32	20	23	8	10	9	10	16	30	23	38	56	81	113	154	166	225	302	398	485	477	428	437	393	296	238	116	73	73	85	67	125	180	266	366	364	363	383	451	491	431	354	477	972	1797	1184	1428	1841	2019	2111	2146	2022	1897	1651	1385	2370	1601	1003	606	376	264	152	99	50	23	14	11	12	3	4	2	0	2	3	3	3	0	1	2	3	0	0	1	0	1	0	0	1	1	2	0	1	0
7/5/2024	01:32:15.74  AM	10.00	4.015	4.095	49.644	1.580	4.095	631.186	4.095	303.168	0.000	95.702	0.000	0.000	231	137	99	50	53	30	21	20	20	13	6	13	12	16	20	25	41	48	60	99	124	219	266	273	384	500	412	437	413	366	316	196	118	82	71	78	83	131	198	296	362	375	366	414	432	483	436	364	435	992	1877	1252	1481	1783	1943	2125	2143	2026	1864	1638	1391	2410	1637	1032	597	405	254	190	106	55	28	15	16	11	3	3	4	2	2	1	4	1	3	0	0	1	2	0	1	0	1	2	2	3	2	0	1	1	0
7/5/2024	01:32:25.74  AM	10.00	4.050	4.095	49.639	1.583	4.095	631.214	4.095	303.104	0.000	95.708	0.000	0.000	238	162	114	70	49	28	25	16	12	20	7	5	10	17	20	17	45	58	79	110	128	167	237	267	391	431	425	418	389	366	330	240	125	81	56	71	79	122	199	304	372	362	397	432	416	496	455	352	504	1088	1934	1197	1455	1777	2039	2142	2068	1993	1912	1646	1444	2304	1660	1033	600	402	261	186	123	59	25	31	12	10	17	11	8	11	8	6	6	10	6	6	3	4	2	1	5	5	3	4	2	5	1	3	3	2	2
7/5/2024	01:32:35.74  AM	10.00	4.005	4.095	49.611	1.587	4.095	631.280	4.095	303.097	0.000	95.703	0.000	0.000	269	198	133	86	39	38	23	24	19	14	6	17	19	20	15	26	39	40	62	92	94	171	233	238	386	482	438	428	365	323	292	278	114	75	73	63	103	136	200	270	383	401	396	375	439	448	417	363	476	1067	1894	1289	1501	1737	2024	2175	2138	2056	1831	1630	1457	2417	1633	959	584	374	271	193	96	49	18	13	10	4	6	1	3	2	1	1	1	1	3	2	1	0	1	2	2	0	0	1	1	1	0	2	0	1	1
7/5/2024	01:32:45.74  AM	10.00	4.061	4.095	49.645	1.586	4.095	631.346	4.095	303.231	0.000	95.708	0.000	0.000	270	197	122	68	53	26	20	24	25	11	11	10	7	20	16	32	39	50	74	99	141	142	205	292	425	487	412	412	411	369	274	240	120	67	76	69	93	122	209	289	424	418	416	436	470	520	486	390	481	974	1739	1163	1350	1751	1948	2056	2100	2042	1883	1739	1461	2395	1616	1048	554	390	273	189	106	57	27	16	8	8	11	4	1	2	3	2	1	1	1	1	2	1	1	0	1	1	1	1	0	0	0	0	1	0	1
7/5/2024	01:32:55.74  AM	10.00	4.036	4.095	49.623	1.587	4.095	631.565	4.095	303.450	0.000	95.708	0.000	0.000	297	188	125	84	65	39	26	20	22	13	5	10	13	15	19	31	33	30	76	96	130	180	232	269	419	443	443	431	396	362	302	230	123	86	70	71	80	123	205	300	377	353	412	378	477	503	472	384	487	1042	1838	1273	1468	1786	2070	2154	2137	2068	1829	1728	1482	2338	1607	1013	640	411	264	180	82	65	20	20	7	9	9	2	1	0	4	1	2	3	1	0	2	0	0	0	3	1	1	0	2	0	0	1	2	0	0
7/5/2024	01:33:05.74  AM	10.00	3.994	4.095	49.625	1.589	4.095	631.783	4.095	303.265	0.000	95.702	0.000	0.000	206	163	112	62	39	31	35	21	24	15	5	6	14	14	20	21	34	44	63	94	120	166	198	272	414	416	439	415	432	373	311	213	122	70	62	76	94	114	194	282	383	416	405	397	481	532	436	380	493	1015	1857	1178	1468	1757	2035	2164	2128	2070	1924	1668	1422	2389	1656	997	561	351	273	137	88	56	20	13	3	5	3	2	5	2	1	1	2	1	3	1	1	0	0	0	0	1	0	0	0	0	2	0	0	0	0
7/5/2024	01:33:15.74  AM	10.00	4.005	4.095	49.630	1.586	4.095	631.617	4.095	303.444	0.000	95.703	0.000	0.000	193	157	86	59	50	33	20	14	23	20	8	8	11	20	17	21	39	67	63	104	130	169	244	267	460	466	456	410	399	368	306	245	124	78	70	68	90	133	201	261	405	397	411	447	481	475	441	406	539	1007	1856	1150	1430	1842	1989	2046	2008	2018	1863	1650	1418	2395	1700	991	582	405	261	166	101	56	26	24	12	6	5	3	3	5	4	1	4	1	1	1	2	1	2	0	0	0	3	0	0	1	0	1	0	0	0
7/5/2024	01:33:25.74  AM	10.00	4.009	4.095	49.631	1.586	4.095	631.712	4.095	303.688	0.000	95.700	0.000	0.000	261	195	108	70	50	53	28	17	20	12	10	10	15	16	17	18	37	45	71	90	131	174	225	294	417	460	432	456	416	359	321	259	129	93	85	76	112	138	198	264	328	339	338	364	407	447	437	346	476	1074	1844	1210	1442	1694	2040	2063	2063	2021	1877	1633	1472	2435	1659	1023	591	412	265	177	97	60	37	30	19	11	9	10	2	7	8	1	4	1	1	3	1	1	4	2	4	2	1	3	3	4	3	3	1	1	1
7/5/2024	01:33:35.74  AM	10.00	4.031	4.095	49.629	1.588	4.095	631.773	4.095	303.561	0.000	95.694	0.000	0.000	203	140	88	61	47	38	27	26	22	16	11	6	13	14	18	17	36	46	50	99	132	200	203	274	435	461	428	418	413	380	320	243	118	94	71	70	102	145	190	283	374	389	389	385	461	515	487	419	478	999	1813	1172	1473	1746	1898	2081	2059	2039	1863	1717	1459	2428	1696	1043	615	428	250	170	112	71	12	25	7	9	6	4	5	5	1	3	3	1	1	1	0	1	0	0	1	1	3	1	1	0	2	1	1	1	0
7/5/2024	01:33:45.74  AM	10.00	3.981	4.095	49.619	1.585	4.095	631.840	4.095	303.434	0.000	95.703	0.000	0.000	239	113	75	48	43	30	21	17	24	13	3	11	9	15	22	43	28	50	67	103	117	198	245	301	399	466	430	479	398	421	335	233	136	73	80	86	76	126	183	305	360	388	396	445	442	525	475	349	509	1006	1733	1145	1424	1729	1995	2106	2166	1976	1894	1631	1523	2450	1708	1006	602	395	269	200	105	58	30	16	11	11	7	2	3	0	2	3	2	0	6	0	1	0	1	0	0	0	0	2	2	0	3	1	1	1	0
