Date	Time	Accum.	Scatter	Current	Sample	Ref.	Temp.	Sheath	Diff.	Box	Purge	Pres.	Aux.	Flow	90.00	94.39	98.99	103.81	108.87	114.17	119.74	125.57	131.69	138.11	144.84	151.90	159.30	167.06	175.20	183.74	192.69	202.09	211.93	222.26	233.09	244.45	256.36	268.86	281.96	295.70	310.11	325.22	341.07	357.69	375.12	393.40	412.57	432.67	453.76	475.87	499.06	523.38	548.89	575.63	603.69	633.10	663.96	696.31	730.24	765.83	803.15	842.29	883.33	926.38	971.52	1018.87	1068.52	1120.59	1175.20	1232.46	1292.52	1355.51	1421.57	1490.84	1563.49	1639.68	1719.59	1803.38	1891.27	1983.43	2080.08	2181.45	2287.75	2399.24	2516.16	2638.77	2767.36	2902.22	3043.65	3191.97	3347.52	3510.65	3681.73	3861.14	4049.30	4246.63	4453.57	4670.60	4898.20	5136.90	5387.23	5649.75	5925.07	6213.81	6516.61	6834.18	7167.22	7516.48	7882.77	8266.91	8669.77	9092.25	9535.33
-	-	Secs	Volts	Volts	sccm	Volts	Volts	sccm	Volts	K	sccm	kPa	Volts	sccm	94.39	98.99	103.81	108.87	114.17	119.74	125.57	131.69	138.11	144.84	151.90	159.30	167.06	175.20	183.74	192.69	202.09	211.93	222.26	233.09	244.45	256.36	268.86	281.96	295.70	310.11	325.22	341.07	357.69	375.12	393.40	412.57	432.67	453.76	475.87	499.06	523.38	548.89	575.63	603.69	633.10	663.96	696.31	730.24	765.83	803.15	842.29	883.33	926.38	971.52	1018.87	1068.52	1120.59	1175.20	1232.46	1292.52	1355.51	1421.57	1490.84	1563.49	1639.68	1719.59	1803.38	1891.27	1983.43	2080.08	2181.45	2287.75	2399.24	2516.16	2638.77	2767.36	2902.22	3043.65	3191.97	3347.52	3510.65	3681.73	3861.14	4049.30	4246.63	4453.57	4670.60	4898.20	5136.90	5387.23	5649.75	5925.07	6213.81	6516.61	6834.18	7167.22	7516.48	7882.77	8266.91	8669.77	9092.25	9535.33	10000.00
7/4/2024	03:48:18.90  PM	10.00	2.533	4.095	49.616	1.740	4.095	642.458	4.095	302.572	0.000	95.319	0.000	0.000	129	109	106	111	72	83	68	65	75	49	59	62	101	106	168	330	610	1250	2204	3920	6057	8046	8865	7346	7110	6338	3764	2392	1597	1104	768	510	218	135	98	73	51	38	27	25	25	11	10	5	5	5	1	2	1	0	0	0	0	0	0	0	0	0	0	0	0	0	0	0	0	0	0	0	1	0	0	0	1	0	0	0	0	0	0	0	1	0	0	0	0	0	0	0	0	0	0	0	0	0	0	0	0	0	0
7/4/2024	03:48:28.90  PM	10.00	2.562	4.095	49.624	1.737	4.095	642.563	4.095	302.645	0.000	95.322	0.000	0.000	123	124	113	94	78	80	73	64	75	59	56	69	83	134	192	294	636	1233	2286	3936	6041	8303	8994	7501	7252	6406	3839	2472	1548	1071	771	437	216	126	81	70	62	47	32	33	18	19	8	9	3	3	6	1	1	1	0	0	0	0	0	0	0	0	0	0	0	0	1	0	0	0	0	0	0	0	0	0	0	0	0	0	0	0	0	0	0	0	0	0	0	0	0	0	0	0	0	0	0	0	0	0	0	0	0
7/4/2024	03:48:38.90  PM	10.00	2.559	4.095	49.628	1.725	4.095	642.443	4.095	302.637	0.000	95.327	0.000	0.000	146	111	99	98	102	80	60	70	70	56	63	56	93	112	196	340	640	1231	2258	3890	6084	8324	9285	7383	7077	6346	3902	2391	1545	1041	745	471	238	115	97	81	62	57	29	33	24	12	13	10	7	1	1	1	3	1	0	0	0	0	0	0	0	0	0	0	0	0	0	0	0	0	0	0	0	0	0	0	0	0	0	0	0	0	0	0	0	0	0	0	0	0	0	0	0	0	0	0	0	0	0	0	0	0	0
7/4/2024	03:48:48.90  PM	10.00	2.469	4.095	49.622	1.719	4.095	642.486	4.095	302.612	0.000	95.325	0.000	0.000	136	117	108	94	80	78	64	71	66	45	56	68	84	92	168	319	620	1238	2319	3916	5949	7995	9118	7393	7092	6231	3750	2289	1414	1052	696	515	191	108	94	73	55	47	31	20	16	19	11	4	4	0	1	3	0	1	0	0	0	0	0	0	0	0	0	0	0	0	0	0	0	0	0	0	0	0	0	0	0	0	0	0	0	0	0	0	0	0	0	0	0	0	0	0	0	0	0	0	0	0	0	0	0	0	0
7/4/2024	03:48:58.90  PM	10.00	2.545	4.095	49.633	1.715	4.095	642.395	4.095	302.593	0.000	95.322	0.000	0.000	172	142	123	118	89	85	76	73	65	61	42	73	89	130	181	333	654	1259	2230	3808	5911	8216	8982	7389	6969	6398	3689	2308	1525	1088	716	487	207	125	99	69	58	50	40	28	12	14	5	8	5	2	4	2	1	1	0	0	0	0	0	0	0	0	0	0	0	0	0	0	0	0	0	0	0	0	0	0	0	0	0	0	0	0	0	0	0	0	0	0	0	0	0	0	0	0	0	0	0	0	0	0	0	0	0
7/4/2024	03:49:08.90  PM	10.00	2.492	4.095	49.632	1.712	4.095	642.467	4.095	302.567	0.000	95.329	0.000	0.000	140	109	103	92	87	58	69	69	74	52	54	61	105	144	174	309	647	1240	2353	3903	6037	8464	9257	7552	7286	6652	3783	2410	1558	1073	754	492	211	113	90	73	53	44	31	26	23	8	11	8	7	2	2	7	1	0	1	0	0	0	0	0	0	0	0	0	0	0	0	0	0	0	0	0	0	0	0	0	0	0	0	0	0	0	0	0	0	0	0	0	0	0	0	0	0	0	0	0	0	0	0	0	0	0	0
7/4/2024	03:49:18.90  PM	10.00	2.480	4.095	49.618	1.707	4.095	642.419	4.095	302.628	0.000	95.321	0.000	0.000	107	109	110	107	81	78	72	72	65	65	59	80	72	119	199	357	688	1317	2393	3957	6112	8267	9299	7651	7185	6484	3837	2333	1492	1054	754	486	218	120	85	69	50	41	47	20	24	15	8	5	7	2	3	3	0	0	0	0	0	0	0	0	0	0	0	0	0	0	0	0	0	0	0	0	0	0	0	0	0	0	0	0	0	0	0	0	0	0	0	0	0	0	0	0	0	0	0	0	0	0	0	0	0	0	0
7/4/2024	03:49:28.90  PM	10.00	2.517	4.095	49.633	1.700	4.095	642.367	4.095	302.668	0.000	95.321	0.000	0.000	143	128	114	115	92	78	64	78	71	60	51	76	74	126	191	347	677	1242	2382	4035	6231	8552	9236	7372	7021	6339	3719	2351	1567	999	748	468	211	131	99	67	56	49	30	33	12	7	6	7	8	3	0	3	0	0	1	0	0	0	0	0	0	0	0	0	0	0	0	0	0	0	0	0	0	0	0	0	0	0	0	0	0	0	0	0	0	0	0	0	0	0	0	0	0	0	0	0	0	0	0	0	0	0	0
7/4/2024	03:49:38.90  PM	10.00	2.400	4.095	49.627	1.695	4.095	642.180	4.095	302.663	0.000	95.326	0.000	0.000	129	115	96	90	81	84	72	58	64	69	43	66	87	132	175	350	659	1307	2382	3998	6238	8584	9452	7516	7141	6480	3812	2392	1522	1064	717	466	203	108	95	78	48	45	44	25	15	17	18	8	5	2	1	2	2	0	1	0	0	0	0	0	0	0	0	0	0	0	0	0	0	0	0	0	0	0	0	0	0	0	0	0	0	0	0	0	0	0	0	0	0	0	0	0	0	0	0	0	0	0	0	0	0	0	0
7/4/2024	03:49:48.90  PM	10.00	2.424	4.095	49.637	1.686	4.095	642.353	4.095	302.760	0.000	95.323	0.000	0.000	111	108	76	82	71	78	79	62	83	65	54	74	97	121	210	390	698	1374	2369	4290	6455	8537	9413	7180	7117	6524	3781	2327	1555	1081	758	464	229	125	96	67	59	36	34	25	23	14	7	8	4	2	2	2	4	1	0	0	0	0	0	0	0	0	0	0	0	0	0	0	0	0	0	0	0	0	0	0	0	0	0	0	0	0	0	0	0	0	0	0	0	0	0	0	0	0	0	0	0	0	0	0	0	0	0
7/4/2024	03:49:58.90  PM	10.00	2.523	4.095	49.626	1.679	4.095	642.463	4.095	302.708	0.000	95.323	0.000	0.000	114	111	94	98	82	87	54	57	80	69	50	49	91	134	200	356	648	1315	2355	3972	6345	8366	9154	7293	7038	6326	3712	2291	1512	1048	701	469	224	106	106	52	60	37	36	32	14	14	14	6	7	2	3	3	2	2	0	0	0	0	0	0	0	0	0	0	0	0	0	0	0	0	0	0	0	0	0	0	0	0	0	0	0	0	0	0	0	0	0	0	0	0	0	0	0	0	0	0	0	0	0	0	0	0	0
