Date	Time	Accum.	Scatter	Current	Sample	Ref.	Temp.	Sheath	Diff.	Box	Purge	Pres.	Aux.	Flow	90.00	94.39	98.99	103.81	108.87	114.17	119.74	125.57	131.69	138.11	144.84	151.90	159.30	167.06	175.20	183.74	192.69	202.09	211.93	222.26	233.09	244.45	256.36	268.86	281.96	295.70	310.11	325.22	341.07	357.69	375.12	393.40	412.57	432.67	453.76	475.87	499.06	523.38	548.89	575.63	603.69	633.10	663.96	696.31	730.24	765.83	803.15	842.29	883.33	926.38	971.52	1018.87	1068.52	1120.59	1175.20	1232.46	1292.52	1355.51	1421.57	1490.84	1563.49	1639.68	1719.59	1803.38	1891.27	1983.43	2080.08	2181.45	2287.75	2399.24	2516.16	2638.77	2767.36	2902.22	3043.65	3191.97	3347.52	3510.65	3681.73	3861.14	4049.30	4246.63	4453.57	4670.60	4898.20	5136.90	5387.23	5649.75	5925.07	6213.81	6516.61	6834.18	7167.22	7516.48	7882.77	8266.91	8669.77	9092.25	9535.33
-	-	Secs	Volts	Volts	sccm	Volts	Volts	sccm	Volts	K	sccm	kPa	Volts	sccm	94.39	98.99	103.81	108.87	114.17	119.74	125.57	131.69	138.11	144.84	151.90	159.30	167.06	175.20	183.74	192.69	202.09	211.93	222.26	233.09	244.45	256.36	268.86	281.96	295.70	310.11	325.22	341.07	357.69	375.12	393.40	412.57	432.67	453.76	475.87	499.06	523.38	548.89	575.63	603.69	633.10	663.96	696.31	730.24	765.83	803.15	842.29	883.33	926.38	971.52	1018.87	1068.52	1120.59	1175.20	1232.46	1292.52	1355.51	1421.57	1490.84	1563.49	1639.68	1719.59	1803.38	1891.27	1983.43	2080.08	2181.45	2287.75	2399.24	2516.16	2638.77	2767.36	2902.22	3043.65	3191.97	3347.52	3510.65	3681.73	3861.14	4049.30	4246.63	4453.57	4670.60	4898.20	5136.90	5387.23	5649.75	5925.07	6213.81	6516.61	6834.18	7167.22	7516.48	7882.77	8266.91	8669.77	9092.25	9535.33	10000.00
7/4/2024	03:52:09.91  PM	10.00	0.425	4.054	49.134	1.690	4.054	632.022	4.054	299.591	0.000	94.371	0.000	0.000	1	1	0	1	0	0	1	1	1	0	1	1	0	1	1	2	1	0	0	0	1	1	0	0	0	0	0	0	0	0	1	0	0	0	0	0	0	0	0	0	0	0	0	0	0	0	0	0	0	0	0	0	0	0	0	0	0	0	0	0	0	0	0	0	0	0	0	0	0	0	0	0	0	0	0	0	0	0	0	0	0	0	0	0	0	0	0	0	0	0	0	0	0	0	0	0	0	0	0
7/4/2024	03:52:19.91  PM	10.00	0.431	4.095	49.635	1.700	4.095	638.240	4.095	302.697	0.000	95.318	0.000	0.000	1	1	0	0	0	0	0	0	0	1	0	0	1	0	0	0	0	0	0	0	0	0	0	0	0	0	1	0	0	0	0	0	0	0	0	0	0	0	0	0	0	0	0	0	0	0	0	0	0	0	0	0	0	0	0	0	0	0	0	0	0	0	0	0	0	0	0	0	0	0	0	0	0	0	0	0	0	0	0	0	0	0	0	0	0	0	0	0	0	0	0	0	0	0	0	0	0	0	0
7/4/2024	03:52:29.91  PM	10.00	0.432	4.095	49.634	1.709	4.095	638.116	4.095	302.621	0.000	95.326	0.000	0.000	0	0	0	0	0	0	0	0	0	0	0	0	0	0	0	0	0	0	0	0	0	0	0	0	0	0	0	0	0	0	0	0	0	0	0	0	0	0	0	0	0	0	0	0	0	0	0	0	0	0	0	0	0	0	0	0	0	0	0	0	0	0	0	0	0	0	0	0	0	0	0	0	0	0	0	0	0	0	0	0	0	0	0	0	0	0	0	0	0	0	0	0	0	0	0	0	0	0	0
7/4/2024	03:52:39.91  PM	10.00	0.434	4.095	49.628	1.719	4.095	638.236	4.095	302.607	0.000	95.326	0.000	0.000	0	0	0	0	0	0	0	0	0	0	0	0	0	0	0	0	0	0	0	0	0	0	0	0	0	0	0	0	0	0	0	0	0	0	0	0	0	0	0	0	0	0	0	0	0	0	0	0	0	0	0	0	0	0	0	0	0	0	0	0	0	0	0	0	0	0	0	0	0	0	0	0	0	0	0	0	0	0	0	0	0	0	0	0	0	0	0	0	0	0	0	0	0	0	0	0	0	0	0
7/4/2024	03:52:49.91  PM	10.00	0.434	4.095	49.626	1.722	4.095	638.255	4.095	302.564	0.000	95.322	0.000	0.000	0	0	0	0	0	0	0	0	0	1	0	0	0	0	0	0	0	0	0	0	0	0	0	0	0	0	0	0	0	0	0	0	0	0	0	0	0	0	0	0	0	0	0	0	0	0	0	0	0	0	0	0	0	0	0	0	0	0	0	0	0	0	0	0	0	0	0	0	0	0	0	0	0	0	0	0	0	0	0	0	0	0	0	0	0	0	0	0	0	0	0	0	0	0	0	0	0	0	0
7/4/2024	03:52:59.91  PM	10.00	0.433	4.095	49.627	1.721	4.095	638.150	4.095	302.513	0.000	95.321	0.000	0.000	0	0	0	0	0	0	0	0	0	0	0	0	0	0	0	0	0	0	0	0	0	0	0	0	0	0	0	0	0	0	0	0	0	0	0	0	0	0	0	0	0	0	0	0	0	0	0	0	0	0	0	0	0	0	0	0	0	0	0	0	0	0	0	0	0	0	0	0	0	0	0	0	0	0	0	0	0	0	0	0	0	0	0	0	0	0	0	0	0	0	0	0	0	0	0	0	0	0	0
7/4/2024	03:53:09.91  PM	10.00	0.431	4.095	49.643	1.728	4.095	638.169	4.095	302.472	0.000	95.328	0.000	0.000	0	0	0	0	0	0	0	0	0	0	0	0	0	0	0	0	0	0	0	0	0	0	0	0	0	0	0	0	0	0	0	0	0	0	0	0	0	0	0	0	0	0	0	0	0	0	0	0	0	0	0	0	0	0	0	0	0	0	0	0	0	0	0	0	0	0	0	0	0	0	0	0	0	0	0	0	0	0	0	0	0	0	0	0	0	0	0	0	0	0	0	0	0	0	0	0	0	0	0
7/4/2024	03:53:19.91  PM	10.00	0.429	4.095	49.634	1.736	4.095	638.097	4.095	302.451	0.000	95.322	0.000	0.000	0	0	0	0	0	0	0	1	0	0	0	0	0	0	0	0	0	0	0	0	0	0	0	0	0	0	0	0	0	0	0	0	0	0	0	0	0	0	0	0	0	0	0	0	0	0	0	0	0	0	0	0	0	0	0	0	0	0	0	0	0	0	0	0	0	0	0	0	0	0	0	0	0	0	0	0	0	0	0	0	0	0	0	0	0	0	0	0	0	0	0	0	0	0	0	0	0	0	0
7/4/2024	03:53:29.91  PM	10.00	0.430	4.095	49.628	1.742	4.095	638.102	4.095	302.690	0.000	95.321	0.000	0.000	0	0	0	0	0	0	0	0	0	0	0	0	0	0	0	0	0	0	0	0	0	0	0	0	0	0	0	0	0	0	0	0	0	0	0	0	0	0	0	0	0	0	0	0	0	0	0	0	0	0	0	0	0	0	0	0	0	0	0	0	0	0	0	0	0	0	0	0	0	0	0	0	0	0	0	0	0	0	0	0	0	0	0	0	0	0	0	0	0	0	0	0	0	0	0	0	0	0	0
7/4/2024	03:53:39.91  PM	10.00	0.429	4.095	49.627	1.742	4.095	638.002	4.095	302.805	0.000	95.322	0.000	0.000	0	0	0	0	0	0	0	0	0	0	0	0	0	0	0	0	0	0	0	0	0	0	0	0	0	0	0	0	0	0	0	0	0	0	0	0	0	0	0	0	0	0	0	0	0	0	0	0	0	0	0	0	0	0	0	0	0	0	0	0	0	0	0	0	0	0	0	0	0	0	0	0	0	0	0	0	0	0	0	0	0	0	0	0	0	0	0	0	0	0	0	0	0	0	0	0	0	0	0
7/4/2024	03:53:49.91  PM	10.00	0.431	4.095	49.636	1.717	4.095	637.940	4.095	302.852	0.000	95.327	0.000	0.000	0	0	0	0	0	0	0	0	0	0	0	0	0	0	0	0	0	0	0	0	0	0	0	0	0	0	0	0	0	0	0	0	0	0	0	0	0	0	0	0	0	0	0	0	0	0	0	0	0	0	0	0	0	0	0	0	0	0	0	0	0	0	0	0	0	0	0	0	0	0	0	0	0	0	0	0	0	0	0	0	0	0	0	0	0	0	0	0	0	0	0	0	0	0	0	0	0	0	0
