Date	Time	Accum.	Scatter	Current	Sample	Ref.	Temp.	Sheath	Diff.	Box	Purge	Pres.	Aux.	Flow	90.00	94.39	98.99	103.81	108.87	114.17	119.74	125.57	131.69	138.11	144.84	151.90	159.30	167.06	175.20	183.74	192.69	202.09	211.93	222.26	233.09	244.45	256.36	268.86	281.96	295.70	310.11	325.22	341.07	357.69	375.12	393.40	412.57	432.67	453.76	475.87	499.06	523.38	548.89	575.63	603.69	633.10	663.96	696.31	730.24	765.83	803.15	842.29	883.33	926.38	971.52	1018.87	1068.52	1120.59	1175.20	1232.46	1292.52	1355.51	1421.57	1490.84	1563.49	1639.68	1719.59	1803.38	1891.27	1983.43	2080.08	2181.45	2287.75	2399.24	2516.16	2638.77	2767.36	2902.22	3043.65	3191.97	3347.52	3510.65	3681.73	3861.14	4049.30	4246.63	4453.57	4670.60	4898.20	5136.90	5387.23	5649.75	5925.07	6213.81	6516.61	6834.18	7167.22	7516.48	7882.77	8266.91	8669.77	9092.25	9535.33
-	-	Secs	Volts	Volts	sccm	Volts	Volts	sccm	Volts	K	sccm	kPa	Volts	sccm	94.39	98.99	103.81	108.87	114.17	119.74	125.57	131.69	138.11	144.84	151.90	159.30	167.06	175.20	183.74	192.69	202.09	211.93	222.26	233.09	244.45	256.36	268.86	281.96	295.70	310.11	325.22	341.07	357.69	375.12	393.40	412.57	432.67	453.76	475.87	499.06	523.38	548.89	575.63	603.69	633.10	663.96	696.31	730.24	765.83	803.15	842.29	883.33	926.38	971.52	1018.87	1068.52	1120.59	1175.20	1232.46	1292.52	1355.51	1421.57	1490.84	1563.49	1639.68	1719.59	1803.38	1891.27	1983.43	2080.08	2181.45	2287.75	2399.24	2516.16	2638.77	2767.36	2902.22	3043.65	3191.97	3347.52	3510.65	3681.73	3861.14	4049.30	4246.63	4453.57	4670.60	4898.20	5136.90	5387.23	5649.75	5925.07	6213.81	6516.61	6834.18	7167.22	7516.48	7882.77	8266.91	8669.77	9092.25	9535.33	10000.00
7/4/2024	09:49:47.10  PM	10.00	4.083	4.095	49.631	1.593	4.095	631.389	4.095	303.457	0.000	95.489	0.000	0.000	253	176	132	88	67	66	38	27	23	16	18	25	29	29	47	65	103	114	141	141	126	161	175	174	196	205	170	161	156	130	116	104	83	45	73	86	106	182	276	426	763	1331	2395	3554	5152	6158	5688	4100	3341	2680	1515	497	433	393	369	363	310	288	232	186	185	333	246	147	98	56	46	24	19	3	2	7	4	3	1	0	0	1	2	2	0	0	0	1	1	0	0	0	0	1	0	0	0	0	0	0	0	1	1
7/4/2024	09:49:57.10  PM	10.00	4.095	4.095	49.639	1.590	4.095	630.859	4.095	303.420	0.000	95.485	0.000	0.000	226	178	130	99	60	42	38	36	29	16	16	26	32	35	57	72	101	102	132	154	145	152	170	169	183	188	167	144	153	103	118	91	71	60	58	73	102	166	233	411	696	1246	2146	3376	4984	6022	5701	4232	3443	2802	1527	471	429	419	377	356	320	274	232	199	187	296	228	165	103	71	37	30	18	11	6	5	3	2	2	0	1	0	1	1	1	0	1	0	0	0	0	0	0	0	0	0	1	1	0	0	1	1	0
7/4/2024	09:50:07.10  PM	10.00	4.090	4.095	49.613	1.588	4.095	630.475	4.095	303.486	0.000	95.495	0.000	0.000	209	185	123	82	63	39	38	29	34	20	16	12	31	43	44	91	97	123	143	159	176	175	171	176	210	189	149	169	154	125	128	111	69	64	70	77	108	142	216	406	662	1182	2059	3343	4901	6049	5826	4179	3689	2863	1590	551	469	423	388	344	292	262	244	185	204	337	242	166	116	56	35	23	10	12	2	4	2	4	1	0	0	1	1	0	1	0	0	0	0	1	0	1	0	1	0	0	0	1	0	0	0	0	0
7/4/2024	09:50:17.10  PM	10.00	4.088	4.095	49.632	1.591	4.095	630.484	4.095	303.547	0.000	95.486	0.000	0.000	233	140	99	78	52	35	39	39	29	17	19	22	27	38	53	84	98	138	127	151	159	184	185	168	188	197	168	177	135	150	124	103	74	50	75	79	129	158	252	457	711	1362	2326	3560	5090	6090	5547	4055	3353	2732	1488	525	446	386	378	348	295	275	225	216	156	315	250	162	111	58	55	21	12	10	5	2	2	1	2	3	1	1	1	0	0	0	0	1	0	1	1	0	1	0	0	0	1	0	1	0	1	0	1
7/4/2024	09:50:27.10  PM	10.00	4.066	4.095	49.631	1.590	4.095	630.702	4.095	303.458	0.000	95.486	0.000	0.000	204	181	120	64	67	48	26	42	27	12	20	17	30	41	50	67	88	97	125	167	178	168	174	166	178	185	160	170	144	135	100	91	71	59	53	99	110	154	248	432	697	1298	2279	3591	4932	6151	5701	4155	3408	2863	1631	479	450	428	371	345	329	275	228	228	191	328	224	147	102	63	39	20	9	6	4	3	1	3	1	1	1	0	1	1	0	1	0	0	0	0	0	1	0	1	0	1	1	0	0	0	0	0	1
7/4/2024	09:50:37.10  PM	10.00	4.095	4.095	49.617	1.593	4.095	630.697	4.095	303.516	0.000	95.484	0.000	0.000	222	209	126	85	65	52	25	49	32	29	15	21	28	36	47	61	76	112	146	150	152	170	174	183	212	216	163	164	168	148	134	100	75	48	70	80	111	155	208	345	592	1123	2081	3263	4788	5886	5772	4384	3574	2783	1544	507	459	445	369	355	332	296	243	201	183	316	257	156	101	54	33	28	14	7	4	5	4	3	1	3	1	2	1	0	1	0	1	1	1	2	1	0	0	0	0	1	0	1	0	2	0	0	0
7/4/2024	09:50:47.10  PM	10.00	4.087	4.095	49.635	1.597	4.095	630.465	4.095	303.625	0.000	95.488	0.000	0.000	207	171	120	83	57	41	31	35	33	22	19	18	35	35	45	66	79	96	137	138	179	171	203	201	215	182	164	147	151	135	111	110	70	52	60	83	91	151	242	362	665	1120	1973	3395	4731	5956	5795	4436	3740	2932	1558	483	443	417	413	370	315	284	249	237	202	348	241	173	105	60	33	21	8	12	6	5	2	1	4	4	3	3	1	3	0	0	1	2	0	0	0	0	0	0	1	3	1	0	1	1	2	2	0
7/4/2024	09:50:57.10  PM	10.00	4.095	4.095	49.625	1.595	4.095	630.247	4.095	303.651	0.000	95.489	0.000	0.000	199	143	122	77	50	39	31	32	31	23	13	32	34	46	46	73	97	119	107	141	145	187	170	174	197	213	148	159	145	123	116	94	84	66	54	71	109	135	236	359	674	1073	1988	3365	4831	6061	5813	4341	3697	2812	1575	508	485	395	384	376	310	290	229	236	210	336	248	166	92	73	61	22	15	12	3	4	4	2	5	1	2	1	0	3	0	1	1	1	2	2	0	1	3	0	0	0	0	0	1	0	0	0	0
7/4/2024	09:51:07.10  PM	10.00	4.085	4.095	49.625	1.594	4.095	630.257	4.095	303.557	0.000	95.488	0.000	0.000	249	197	143	91	75	48	52	34	36	21	28	28	26	36	55	76	85	109	144	163	146	150	153	206	203	210	177	150	161	139	128	115	61	64	47	69	102	130	224	369	619	1130	2004	3249	4687	5902	5580	4412	3741	2852	1551	531	468	443	395	366	308	266	255	190	205	340	257	194	108	60	39	31	21	12	5	8	2	5	1	2	1	4	1	1	2	0	4	1	0	1	3	1	1	1	0	0	0	1	0	0	1	1	1
7/4/2024	09:51:17.10  PM	10.00	4.068	4.095	49.645	1.596	4.095	630.148	4.095	303.432	0.000	95.486	0.000	0.000	208	156	122	100	45	49	30	32	34	24	22	32	30	43	61	78	88	97	120	158	174	161	179	178	252	217	184	171	146	148	119	111	78	57	54	78	80	118	245	337	591	1076	1909	3112	4587	5953	5734	4484	3696	2866	1551	517	444	427	388	338	324	276	241	216	171	333	222	184	98	69	39	30	17	10	7	1	1	1	2	2	1	0	0	0	1	1	0	1	0	0	1	0	0	0	0	0	2	0	0	0	2	0	0
7/4/2024	09:51:27.10  PM	10.00	4.071	4.095	49.635	1.595	4.095	630.370	4.095	303.351	0.000	95.489	0.000	0.000	195	148	115	72	57	38	35	35	24	26	19	25	35	43	62	74	88	98	117	148	155	171	185	181	220	223	156	155	155	162	138	86	68	62	64	74	94	151	216	399	650	1195	1984	3279	4703	5858	5709	4354	3594	2939	1547	498	445	403	356	341	314	295	257	225	176	317	247	167	121	59	33	28	15	11	5	6	6	2	1	0	1	3	2	1	1	2	0	1	1	2	1	0	0	0	0	0	0	1	0	0	0	0	1
