Date	Time	Accum.	Scatter	Current	Sample	Ref.	Temp.	Sheath	Diff.	Box	Purge	Pres.	Aux.	Flow	90.00	94.39	98.99	103.81	108.87	114.17	119.74	125.57	131.69	138.11	144.84	151.90	159.30	167.06	175.20	183.74	192.69	202.09	211.93	222.26	233.09	244.45	256.36	268.86	281.96	295.70	310.11	325.22	341.07	357.69	375.12	393.40	412.57	432.67	453.76	475.87	499.06	523.38	548.89	575.63	603.69	633.10	663.96	696.31	730.24	765.83	803.15	842.29	883.33	926.38	971.52	1018.87	1068.52	1120.59	1175.20	1232.46	1292.52	1355.51	1421.57	1490.84	1563.49	1639.68	1719.59	1803.38	1891.27	1983.43	2080.08	2181.45	2287.75	2399.24	2516.16	2638.77	2767.36	2902.22	3043.65	3191.97	3347.52	3510.65	3681.73	3861.14	4049.30	4246.63	4453.57	4670.60	4898.20	5136.90	5387.23	5649.75	5925.07	6213.81	6516.61	6834.18	7167.22	7516.48	7882.77	8266.91	8669.77	9092.25	9535.33
-	-	Secs	Volts	Volts	sccm	Volts	Volts	sccm	Volts	K	sccm	kPa	Volts	sccm	94.39	98.99	103.81	108.87	114.17	119.74	125.57	131.69	138.11	144.84	151.90	159.30	167.06	175.20	183.74	192.69	202.09	211.93	222.26	233.09	244.45	256.36	268.86	281.96	295.70	310.11	325.22	341.07	357.69	375.12	393.40	412.57	432.67	453.76	475.87	499.06	523.38	548.89	575.63	603.69	633.10	663.96	696.31	730.24	765.83	803.15	842.29	883.33	926.38	971.52	1018.87	1068.52	1120.59	1175.20	1232.46	1292.52	1355.51	1421.57	1490.84	1563.49	1639.68	1719.59	1803.38	1891.27	1983.43	2080.08	2181.45	2287.75	2399.24	2516.16	2638.77	2767.36	2902.22	3043.65	3191.97	3347.52	3510.65	3681.73	3861.14	4049.30	4246.63	4453.57	4670.60	4898.20	5136.90	5387.23	5649.75	5925.07	6213.81	6516.61	6834.18	7167.22	7516.48	7882.77	8266.91	8669.77	9092.25	9535.33	10000.00
7/4/2024	08:34:18.61  PM	10.00	4.047	4.054	49.146	1.595	4.054	625.649	4.054	299.819	0.000	94.436	0.000	0.000	196	146	102	81	61	38	30	35	43	23	14	21	25	27	18	34	29	32	18	18	22	24	18	20	13	19	16	23	20	25	44	190	422	630	1111	1770	2591	3619	4840	5742	5986	5092	3566	2568	1897	1519	1199	967	923	781	374	154	107	63	65	71	61	52	36	39	33	48	48	32	16	9	6	3	3	4	2	1	3	1	0	1	1	0	0	0	0	0	0	0	0	0	0	0	0	0	0	0	0	0	0	0	0	0	0
7/4/2024	08:34:28.61  PM	10.00	4.075	4.095	49.632	1.605	4.095	631.930	4.095	302.697	0.000	95.390	0.000	0.000	172	176	110	72	45	37	43	32	33	32	22	15	28	32	22	30	23	22	17	32	29	21	19	16	26	19	26	16	19	24	48	219	461	610	1092	1824	2740	3710	4796	5640	5960	5056	3591	2449	1901	1518	1203	986	884	771	384	125	102	87	78	70	48	53	53	40	24	48	39	26	18	8	7	6	4	2	0	0	0	1	1	0	0	0	0	0	0	0	0	0	0	0	1	0	0	0	0	0	0	0	0	0	0	0	0
7/4/2024	08:34:38.61  PM	10.00	4.085	4.095	49.620	1.605	4.095	632.030	4.095	302.699	0.000	95.391	0.000	0.000	208	160	118	73	48	45	35	42	43	33	13	16	34	23	26	27	24	23	25	26	28	19	18	16	17	21	15	12	20	17	53	213	458	659	1148	1880	2793	3783	5095	5885	5990	4893	3433	2384	1883	1460	1200	915	922	735	395	124	88	76	65	51	53	50	40	37	32	59	36	28	20	12	8	5	2	0	2	1	1	2	1	0	0	0	0	0	0	0	0	0	0	0	0	0	0	0	1	0	0	0	0	0	0	0	0
7/4/2024	08:34:48.61  PM	10.00	4.094	4.095	49.640	1.604	4.095	632.537	4.095	302.671	0.000	95.390	0.000	0.000	204	166	128	73	63	53	39	43	39	28	18	23	39	20	35	29	33	33	26	23	36	16	24	20	27	13	15	19	15	15	42	206	456	681	1171	1872	2754	3830	4993	5877	5782	4820	3512	2460	1926	1512	1175	857	925	774	397	124	98	89	85	54	47	49	40	37	33	53	44	30	14	14	9	2	3	1	3	1	0	2	1	1	1	0	1	0	1	1	0	0	1	0	0	0	0	1	1	1	1	0	0	2	0	0	0
7/4/2024	08:34:58.61  PM	10.00	4.095	4.095	49.626	1.591	4.095	633.263	4.095	302.560	0.000	95.389	0.000	0.000	192	128	101	70	49	39	31	34	47	33	15	23	26	31	27	31	46	40	26	15	29	19	21	20	19	15	18	18	16	14	59	215	452	692	1173	1901	2667	3856	4918	5676	5789	4743	3416	2477	1881	1470	1189	942	923	723	377	109	91	69	64	65	50	60	57	31	28	40	36	24	17	15	7	6	5	4	1	2	1	0	0	0	0	0	0	0	0	0	0	0	0	0	0	0	0	0	0	0	0	0	0	0	0	0	0
7/4/2024	08:35:08.61  PM	10.00	4.088	4.095	49.646	1.590	4.095	632.110	4.095	302.508	0.000	95.394	0.000	0.000	181	121	93	66	48	43	40	29	49	29	20	24	23	30	28	22	27	25	24	19	16	21	15	22	15	18	21	20	25	25	57	182	417	636	1145	1778	2667	3789	4728	5895	5907	5027	3544	2526	1921	1493	1253	945	909	751	344	114	90	79	56	77	56	33	37	33	30	46	43	22	24	12	10	9	3	4	3	1	2	1	1	0	2	1	1	0	1	0	1	0	1	0	0	0	1	0	0	0	0	0	1	0	0	0	0
7/4/2024	08:35:18.61  PM	10.00	4.068	4.095	49.638	1.591	4.095	633.244	4.095	302.491	0.000	95.392	0.000	0.000	178	159	116	92	59	52	30	36	38	27	21	21	17	21	28	31	28	23	35	18	17	24	16	20	19	16	13	20	21	22	39	236	471	643	1164	1829	2789	3919	4946	5842	5774	4815	3456	2448	1898	1509	1225	921	882	731	353	133	84	76	72	55	67	52	40	32	24	53	33	29	22	13	7	1	0	2	2	1	1	0	0	2	0	0	0	0	0	0	0	0	0	0	0	0	0	0	0	0	0	1	0	0	0	0	0
7/4/2024	08:35:28.61  PM	10.00	4.067	4.095	49.630	1.591	4.095	633.729	4.095	302.412	0.000	95.390	0.000	0.000	204	168	134	75	64	37	39	39	33	28	17	22	29	27	26	34	27	33	33	29	20	22	22	12	19	13	20	23	21	28	51	228	527	623	1203	1896	2809	3897	4899	5893	5916	4701	3440	2421	1793	1501	1169	869	941	724	349	121	93	83	68	56	53	45	39	31	34	45	33	35	18	14	4	3	3	2	1	0	0	1	1	0	0	0	0	0	0	0	0	0	0	0	0	0	0	0	0	0	0	0	0	0	0	0	0
7/4/2024	08:35:38.61  PM	10.00	4.090	4.095	49.644	1.593	4.095	633.790	4.095	302.374	0.000	95.385	0.000	0.000	242	171	119	92	56	55	30	39	31	33	20	22	27	23	33	35	32	20	19	20	24	30	16	17	19	16	17	20	15	20	45	213	477	750	1255	1878	2767	3749	4974	5833	5809	4883	3352	2437	1836	1491	1180	908	835	758	376	103	103	77	73	68	49	48	48	35	25	46	34	23	20	6	5	5	2	2	2	0	1	0	0	0	1	0	0	0	0	0	0	0	0	0	0	0	0	0	0	0	0	0	0	0	1	0	0
7/4/2024	08:35:48.61  PM	10.00	4.095	4.095	49.625	1.595	4.095	633.667	4.095	302.454	0.000	95.388	0.000	0.000	171	138	100	72	59	47	36	27	31	28	14	18	26	31	32	34	32	26	20	27	28	20	22	21	26	17	16	14	16	21	48	215	467	734	1244	1946	2816	3799	4950	5717	5925	4857	3484	2450	1918	1543	1125	895	931	686	397	108	91	79	72	60	56	51	38	37	39	52	30	29	24	13	7	2	3	1	2	1	0	0	0	0	0	0	0	0	0	0	0	0	0	0	0	0	0	0	0	0	0	1	0	0	0	0	0
7/4/2024	08:35:58.61  PM	10.00	4.095	4.095	49.612	1.592	4.095	633.776	4.095	302.367	0.000	95.392	0.000	0.000	209	161	121	77	68	47	45	32	37	22	20	24	29	33	34	36	34	40	22	22	32	29	21	11	22	22	18	17	15	24	37	229	550	744	1161	1923	2794	3759	4861	5785	5905	4677	3422	2430	1841	1472	1147	861	877	694	354	116	88	70	72	44	51	40	33	31	30	40	51	19	20	10	6	6	4	0	0	0	0	0	0	0	0	0	0	0	0	0	0	0	0	0	0	0	0	0	0	0	0	0	0	0	0	0	0
