Date	Time	Accum.	Scatter	Current	Sample	Ref.	Temp.	Sheath	Diff.	Box	Purge	Pres.	Aux.	Flow	90.00	94.39	98.99	103.81	108.87	114.17	119.74	125.57	131.69	138.11	144.84	151.90	159.30	167.06	175.20	183.74	192.69	202.09	211.93	222.26	233.09	244.45	256.36	268.86	281.96	295.70	310.11	325.22	341.07	357.69	375.12	393.40	412.57	432.67	453.76	475.87	499.06	523.38	548.89	575.63	603.69	633.10	663.96	696.31	730.24	765.83	803.15	842.29	883.33	926.38	971.52	1018.87	1068.52	1120.59	1175.20	1232.46	1292.52	1355.51	1421.57	1490.84	1563.49	1639.68	1719.59	1803.38	1891.27	1983.43	2080.08	2181.45	2287.75	2399.24	2516.16	2638.77	2767.36	2902.22	3043.65	3191.97	3347.52	3510.65	3681.73	3861.14	4049.30	4246.63	4453.57	4670.60	4898.20	5136.90	5387.23	5649.75	5925.07	6213.81	6516.61	6834.18	7167.22	7516.48	7882.77	8266.91	8669.77	9092.25	9535.33
-	-	Secs	Volts	Volts	sccm	Volts	Volts	sccm	Volts	K	sccm	kPa	Volts	sccm	94.39	98.99	103.81	108.87	114.17	119.74	125.57	131.69	138.11	144.84	151.90	159.30	167.06	175.20	183.74	192.69	202.09	211.93	222.26	233.09	244.45	256.36	268.86	281.96	295.70	310.11	325.22	341.07	357.69	375.12	393.40	412.57	432.67	453.76	475.87	499.06	523.38	548.89	575.63	603.69	633.10	663.96	696.31	730.24	765.83	803.15	842.29	883.33	926.38	971.52	1018.87	1068.52	1120.59	1175.20	1232.46	1292.52	1355.51	1421.57	1490.84	1563.49	1639.68	1719.59	1803.38	1891.27	1983.43	2080.08	2181.45	2287.75	2399.24	2516.16	2638.77	2767.36	2902.22	3043.65	3191.97	3347.52	3510.65	3681.73	3861.14	4049.30	4246.63	4453.57	4670.60	4898.20	5136.90	5387.23	5649.75	5925.07	6213.81	6516.61	6834.18	7167.22	7516.48	7882.77	8266.91	8669.77	9092.25	9535.33	10000.00
7/5/2024	01:11:12.32  AM	10.00	4.021	4.054	49.136	1.561	4.054	625.042	4.054	300.408	0.000	94.706	0.000	0.000	167	139	106	65	47	32	30	22	20	12	8	11	15	11	15	18	24	25	48	56	114	111	214	238	365	468	427	453	458	400	358	281	187	94	103	91	97	136	173	268	364	423	459	521	591	719	650	573	758	1184	1537	994	1226	1543	1879	1928	2099	2138	2020	1898	1673	2848	2007	1140	648	414	293	208	155	73	35	23	11	12	9	2	5	4	2	4	0	0	1	1	0	0	1	1	0	1	0	1	1	0	0	1	0	2	0
7/5/2024	01:11:22.32  AM	10.00	4.050	4.095	49.639	1.575	4.095	631.669	4.095	303.349	0.000	95.669	0.000	0.000	216	146	82	75	47	37	24	32	22	17	5	10	9	9	14	22	24	29	46	66	90	141	179	242	366	474	455	489	448	468	401	360	157	112	100	95	90	137	174	265	360	379	427	504	539	585	610	574	649	1107	1608	952	1233	1531	1793	2003	2100	2139	1971	1806	1618	2654	1812	1109	655	426	291	193	119	49	36	23	18	11	3	4	2	3	2	1	1	3	1	0	2	0	1	0	0	0	0	0	0	0	0	0	0	0	1
7/5/2024	01:11:32.32  AM	10.00	4.068	4.095	49.638	1.576	4.095	631.579	4.095	303.363	0.000	95.671	0.000	0.000	241	191	122	96	53	51	35	25	22	16	11	6	8	18	15	19	23	34	48	58	90	124	185	251	365	490	441	496	418	478	383	366	196	111	112	102	109	124	191	262	330	371	412	446	557	609	635	593	734	1062	1419	908	1106	1449	1672	1886	2039	2078	2051	1804	1588	2708	1966	1115	625	426	277	211	104	64	34	21	15	9	5	4	3	3	1	2	2	3	1	3	2	2	1	1	2	2	0	0	1	1	1	0	0	0	0
7/5/2024	01:11:42.32  AM	10.00	4.046	4.095	49.616	1.575	4.095	631.470	4.095	303.497	0.000	95.667	0.000	0.000	214	139	89	57	46	27	34	22	18	16	9	10	6	12	14	31	22	30	36	51	94	127	160	228	417	501	485	478	498	472	413	331	189	104	103	114	95	131	185	239	348	433	506	458	581	633	625	590	805	1058	1441	905	1124	1352	1662	1892	1990	1967	1967	1849	1593	2759	1933	1153	631	425	275	192	123	73	36	10	15	5	5	2	2	1	1	0	2	1	0	1	1	0	0	0	0	0	0	0	0	2	1	0	0	0	0
7/5/2024	01:11:52.32  AM	10.00	4.038	4.095	49.618	1.578	4.095	631.579	4.095	303.693	0.000	95.667	0.000	0.000	210	150	85	64	63	21	23	19	20	14	7	8	8	14	13	18	30	37	52	53	93	112	181	246	359	454	406	422	448	408	406	312	180	134	112	93	108	123	171	291	351	382	455	519	552	692	664	594	774	1051	1405	962	1108	1460	1694	1834	2037	2060	2001	1820	1646	2743	1963	1125	639	416	308	175	116	62	46	19	15	10	3	2	2	5	1	2	4	2	1	1	1	0	1	1	1	3	0	1	2	1	0	1	2	1	0
7/5/2024	01:12:02.32  AM	10.00	3.968	4.095	49.633	1.583	4.095	630.754	4.095	303.708	0.000	95.674	0.000	0.000	207	138	101	91	41	26	29	28	14	12	3	5	2	13	15	26	14	19	32	63	80	143	168	216	361	498	488	509	501	486	449	391	200	128	122	107	103	113	162	233	307	338	393	444	490	618	588	569	687	1060	1381	860	1066	1409	1621	1826	1914	1924	1901	1857	1565	2699	1869	1090	620	359	281	173	118	59	37	18	13	5	2	2	0	3	0	4	3	0	1	0	0	0	1	1	1	1	0	0	1	1	0	0	1	0	0
7/5/2024	01:12:12.32  AM	10.00	3.995	4.095	49.628	1.583	4.095	631.854	4.095	303.700	0.000	95.667	0.000	0.000	199	173	108	64	48	36	28	21	14	9	11	4	9	11	13	11	20	28	45	64	94	118	183	245	419	516	478	473	495	479	442	382	169	122	96	100	110	128	150	232	317	344	395	466	520	609	624	524	663	1059	1365	904	1085	1354	1685	1892	1918	2029	1879	1675	1526	2769	1834	1090	612	402	263	179	116	62	40	21	15	5	8	3	2	4	3	2	0	0	2	0	2	1	0	0	1	1	0	2	1	0	0	2	0	0	0
7/5/2024	01:12:22.32  AM	10.00	4.064	4.095	49.627	1.582	4.095	632.167	4.095	303.714	0.000	95.668	0.000	0.000	231	148	90	70	37	25	21	26	17	14	8	7	5	19	11	19	26	33	41	71	104	133	181	251	354	507	454	466	457	474	405	337	189	114	114	92	109	135	164	234	312	377	422	483	505	609	625	536	654	1040	1398	905	1108	1401	1624	1801	1950	2026	1847	1841	1538	2685	1824	1087	648	426	293	179	126	53	39	18	19	7	6	3	5	2	2	1	3	1	2	0	2	3	0	0	2	0	0	1	0	1	0	0	0	0	1
7/5/2024	01:12:32.32  AM	10.00	4.036	4.095	49.630	1.581	4.095	632.200	4.095	303.618	0.000	95.668	0.000	0.000	184	122	97	53	42	34	23	18	15	7	5	12	12	12	13	25	27	32	57	67	106	125	192	238	351	471	452	439	432	393	379	319	164	107	99	78	93	126	179	263	327	406	468	497	523	642	665	559	706	1069	1434	907	1105	1387	1654	1862	2080	2155	2095	1826	1609	2787	1931	1146	589	399	261	190	121	61	41	13	8	8	4	8	1	4	1	4	2	0	2	2	1	2	0	2	4	0	0	1	0	1	0	0	0	1	0
7/5/2024	01:12:42.32  AM	10.00	4.014	4.095	49.635	1.578	4.095	632.010	4.095	303.543	0.000	95.673	0.000	0.000	213	131	75	72	36	33	28	28	20	9	7	5	12	10	20	20	18	39	61	71	84	139	203	235	378	466	487	425	391	411	380	325	150	103	107	89	76	119	165	220	339	395	391	407	490	603	669	569	677	1039	1426	971	1175	1452	1734	1899	2028	2090	1949	1782	1598	2714	1916	1109	636	415	267	196	113	63	37	27	11	10	8	3	4	5	4	1	1	2	2	1	1	2	1	0	0	1	1	0	0	1	0	0	0	0	0
7/5/2024	01:12:52.32  AM	10.00	3.970	4.095	49.634	1.582	4.095	631.541	4.095	303.389	0.000	95.673	0.000	0.000	219	142	75	52	42	29	17	18	19	13	4	11	13	18	8	19	25	34	50	61	104	139	179	252	405	485	430	441	438	442	347	271	162	89	79	92	84	103	132	232	312	335	382	398	478	550	570	501	624	970	1426	946	1245	1441	1754	1918	2081	2081	1898	1733	1614	2755	1891	1082	601	396	272	194	115	58	36	12	13	7	5	6	4	4	0	1	1	1	0	0	0	1	2	0	1	2	0	0	1	1	1	0	0	1	0
