Date	Time	Accum.	Scatter	Current	Sample	Ref.	Temp.	Sheath	Diff.	Box	Purge	Pres.	Aux.	Flow	90.00	94.39	98.99	103.81	108.87	114.17	119.74	125.57	131.69	138.11	144.84	151.90	159.30	167.06	175.20	183.74	192.69	202.09	211.93	222.26	233.09	244.45	256.36	268.86	281.96	295.70	310.11	325.22	341.07	357.69	375.12	393.40	412.57	432.67	453.76	475.87	499.06	523.38	548.89	575.63	603.69	633.10	663.96	696.31	730.24	765.83	803.15	842.29	883.33	926.38	971.52	1018.87	1068.52	1120.59	1175.20	1232.46	1292.52	1355.51	1421.57	1490.84	1563.49	1639.68	1719.59	1803.38	1891.27	1983.43	2080.08	2181.45	2287.75	2399.24	2516.16	2638.77	2767.36	2902.22	3043.65	3191.97	3347.52	3510.65	3681.73	3861.14	4049.30	4246.63	4453.57	4670.60	4898.20	5136.90	5387.23	5649.75	5925.07	6213.81	6516.61	6834.18	7167.22	7516.48	7882.77	8266.91	8669.77	9092.25	9535.33
-	-	Secs	Volts	Volts	sccm	Volts	Volts	sccm	Volts	K	sccm	kPa	Volts	sccm	94.39	98.99	103.81	108.87	114.17	119.74	125.57	131.69	138.11	144.84	151.90	159.30	167.06	175.20	183.74	192.69	202.09	211.93	222.26	233.09	244.45	256.36	268.86	281.96	295.70	310.11	325.22	341.07	357.69	375.12	393.40	412.57	432.67	453.76	475.87	499.06	523.38	548.89	575.63	603.69	633.10	663.96	696.31	730.24	765.83	803.15	842.29	883.33	926.38	971.52	1018.87	1068.52	1120.59	1175.20	1232.46	1292.52	1355.51	1421.57	1490.84	1563.49	1639.68	1719.59	1803.38	1891.27	1983.43	2080.08	2181.45	2287.75	2399.24	2516.16	2638.77	2767.36	2902.22	3043.65	3191.97	3347.52	3510.65	3681.73	3861.14	4049.30	4246.63	4453.57	4670.60	4898.20	5136.90	5387.23	5649.75	5925.07	6213.81	6516.61	6834.18	7167.22	7516.48	7882.77	8266.91	8669.77	9092.25	9535.33	10000.00
7/4/2024	09:08:05.05  PM	10.00	4.054	4.054	49.129	1.573	4.054	630.416	4.054	300.376	0.000	94.493	0.000	0.000	116	83	79	80	46	38	44	36	45	25	19	35	26	38	51	59	52	47	54	64	47	53	49	44	49	38	32	46	47	57	49	57	82	91	155	247	454	919	1510	2407	3632	4657	5388	5831	5685	5101	4059	2777	2586	2503	1429	477	388	355	337	277	192	209	150	125	128	192	156	104	65	34	8	12	7	2	3	2	1	2	1	0	0	1	0	0	0	0	0	0	0	0	0	0	1	0	0	0	0	0	0	0	0	0	0
7/4/2024	09:08:15.05  PM	10.00	4.095	4.095	49.632	1.595	4.095	636.763	4.095	303.238	0.000	95.435	0.000	0.000	128	106	77	64	55	52	35	43	46	34	14	17	28	45	34	51	48	48	61	61	60	55	48	65	65	35	41	42	56	56	58	82	73	89	127	235	421	796	1300	2296	3308	4430	5191	5814	6187	5554	4302	3026	2753	2564	1565	518	416	386	325	289	265	220	179	164	151	236	172	98	66	47	23	17	3	4	2	2	0	0	1	0	1	0	0	0	1	0	0	0	1	0	0	0	0	0	0	0	0	0	0	1	0	1	0
7/4/2024	09:08:25.05  PM	10.00	4.095	4.095	49.628	1.599	4.095	636.797	4.095	303.111	0.000	95.442	0.000	0.000	127	110	96	79	51	45	37	35	34	31	21	33	42	36	58	39	47	51	55	62	42	34	59	45	51	42	40	39	58	61	60	72	76	78	130	206	386	699	1197	2039	3075	4175	4969	5608	5991	5724	4467	3171	2832	2747	1515	521	432	386	334	296	257	224	196	165	127	279	160	126	70	39	25	11	8	6	4	1	1	0	0	0	0	0	1	0	1	0	0	0	1	0	0	0	0	0	0	0	0	0	1	1	0	0	1
7/4/2024	09:08:35.05  PM	10.00	4.095	4.095	49.630	1.606	4.095	636.711	4.095	303.106	0.000	95.442	0.000	0.000	130	105	91	80	51	45	34	41	39	27	17	25	34	35	54	55	68	71	58	63	63	53	49	54	39	41	38	51	55	65	62	82	78	88	108	195	318	613	1124	1853	2903	3878	4944	5719	6259	5770	4595	3149	2818	2744	1567	523	412	383	345	306	252	221	223	169	150	260	173	99	66	36	22	12	8	3	2	1	2	2	2	0	1	1	0	0	0	1	0	1	1	0	0	0	0	0	0	0	0	0	1	0	0	0	0
7/4/2024	09:08:45.05  PM	10.00	4.095	4.095	49.623	1.606	4.095	636.668	4.095	303.208	0.000	95.440	0.000	0.000	136	131	90	81	58	37	27	28	46	37	20	24	35	36	49	48	49	65	63	58	69	55	50	53	52	52	41	54	47	67	65	90	76	68	110	187	288	551	958	1700	2615	3683	4639	5579	6177	6127	4885	3372	2999	2898	1693	508	458	435	362	319	243	238	225	172	130	228	170	135	65	36	16	16	10	5	5	0	0	3	1	0	0	0	0	0	0	0	0	0	0	0	0	0	0	0	0	0	0	0	0	0	1	0	0
7/4/2024	09:08:55.05  PM	10.00	4.095	4.095	49.638	1.610	4.095	636.911	4.095	303.290	0.000	95.443	0.000	0.000	109	111	78	53	46	41	45	42	34	25	20	24	28	38	46	50	62	74	52	67	71	57	70	59	66	50	40	59	74	71	71	75	70	65	103	180	316	580	981	1650	2541	3570	4607	5528	6243	6085	4874	3409	3110	2946	1719	606	462	427	370	325	291	210	210	191	166	259	191	126	68	31	27	17	8	8	5	3	2	0	1	1	1	0	0	0	0	0	0	0	0	0	0	0	0	0	1	0	0	1	1	1	0	0	0
7/4/2024	09:09:05.05  PM	10.00	4.095	4.095	49.619	1.608	4.095	636.725	4.095	303.165	0.000	95.443	0.000	0.000	147	121	83	61	51	33	30	33	32	25	23	25	30	41	46	53	70	60	65	70	65	55	64	56	51	54	62	59	55	97	90	85	70	69	92	171	282	554	864	1521	2485	3469	4294	5476	6236	6267	4954	3413	3062	2922	1677	592	472	428	352	342	316	240	196	171	159	271	203	119	75	51	21	11	10	7	1	1	1	1	2	0	0	2	1	0	1	0	0	0	0	0	0	1	1	0	0	1	0	0	0	0	0	0	0
7/4/2024	09:09:15.05  PM	10.00	4.095	4.095	49.629	1.609	4.095	636.773	4.095	303.074	0.000	95.440	0.000	0.000	138	95	95	60	38	43	35	32	25	22	19	29	26	43	44	54	46	76	65	61	49	64	49	50	57	45	39	43	62	88	83	76	79	69	108	163	292	492	866	1480	2414	3371	4263	5481	6360	6235	5101	3654	3262	2967	1724	581	481	445	313	333	275	289	216	197	169	296	171	144	76	49	15	18	10	6	2	2	0	0	0	0	2	1	0	0	1	0	1	0	0	0	0	0	0	0	0	0	0	0	0	0	0	0	0
7/4/2024	09:09:25.05  PM	10.00	4.095	4.095	49.631	1.614	4.095	637.726	4.095	303.054	0.000	95.448	0.000	0.000	118	106	92	67	40	41	40	27	31	27	14	17	32	35	64	41	50	64	51	66	50	71	69	44	58	51	43	63	54	74	76	72	74	68	93	164	276	466	792	1368	2233	3269	4328	5393	6447	6535	5570	3721	3343	3202	1858	602	480	475	402	380	308	293	232	181	195	292	202	125	74	62	34	17	8	2	3	2	0	0	2	0	0	0	2	0	0	0	0	0	0	0	2	0	0	0	0	0	0	1	0	0	0	1	0
7/4/2024	09:09:35.05  PM	10.00	4.095	4.095	49.627	1.611	4.095	637.864	4.095	303.015	0.000	95.441	0.000	0.000	159	127	104	67	67	55	40	48	37	17	14	28	30	32	32	36	45	65	77	61	63	66	52	64	46	55	40	54	66	88	64	67	62	59	109	145	180	433	676	1228	2062	3009	4065	5125	6086	6553	5566	3896	3488	3248	1877	597	488	520	431	337	347	284	260	207	207	307	196	140	90	41	31	16	13	3	8	3	3	1	0	0	1	0	0	0	1	2	0	0	2	0	1	1	0	0	0	1	0	0	0	0	0	0	0
7/4/2024	09:09:45.05  PM	10.00	4.095	4.095	49.630	1.610	4.095	637.864	4.095	302.960	0.000	95.446	0.000	0.000	165	116	77	56	51	41	39	38	37	28	12	22	25	37	49	45	58	56	81	58	62	68	71	59	54	57	49	53	78	92	83	89	76	67	91	136	185	356	604	1107	1763	2800	3851	4923	6049	6679	5705	4109	3573	3365	1928	625	509	466	422	423	330	294	285	199	182	312	215	145	91	47	21	20	10	4	4	3	1	0	0	0	0	0	0	0	0	1	0	0	0	0	0	1	0	0	0	0	0	0	0	0	0	0	0
