Date	Time	Accum.	Scatter	Current	Sample	Ref.	Temp.	Sheath	Diff.	Box	Purge	Pres.	Aux.	Flow	90.00	94.39	98.99	103.81	108.87	114.17	119.74	125.57	131.69	138.11	144.84	151.90	159.30	167.06	175.20	183.74	192.69	202.09	211.93	222.26	233.09	244.45	256.36	268.86	281.96	295.70	310.11	325.22	341.07	357.69	375.12	393.40	412.57	432.67	453.76	475.87	499.06	523.38	548.89	575.63	603.69	633.10	663.96	696.31	730.24	765.83	803.15	842.29	883.33	926.38	971.52	1018.87	1068.52	1120.59	1175.20	1232.46	1292.52	1355.51	1421.57	1490.84	1563.49	1639.68	1719.59	1803.38	1891.27	1983.43	2080.08	2181.45	2287.75	2399.24	2516.16	2638.77	2767.36	2902.22	3043.65	3191.97	3347.52	3510.65	3681.73	3861.14	4049.30	4246.63	4453.57	4670.60	4898.20	5136.90	5387.23	5649.75	5925.07	6213.81	6516.61	6834.18	7167.22	7516.48	7882.77	8266.91	8669.77	9092.25	9535.33
-	-	Secs	Volts	Volts	sccm	Volts	Volts	sccm	Volts	K	sccm	kPa	Volts	sccm	94.39	98.99	103.81	108.87	114.17	119.74	125.57	131.69	138.11	144.84	151.90	159.30	167.06	175.20	183.74	192.69	202.09	211.93	222.26	233.09	244.45	256.36	268.86	281.96	295.70	310.11	325.22	341.07	357.69	375.12	393.40	412.57	432.67	453.76	475.87	499.06	523.38	548.89	575.63	603.69	633.10	663.96	696.31	730.24	765.83	803.15	842.29	883.33	926.38	971.52	1018.87	1068.52	1120.59	1175.20	1232.46	1292.52	1355.51	1421.57	1490.84	1563.49	1639.68	1719.59	1803.38	1891.27	1983.43	2080.08	2181.45	2287.75	2399.24	2516.16	2638.77	2767.36	2902.22	3043.65	3191.97	3347.52	3510.65	3681.73	3861.14	4049.30	4246.63	4453.57	4670.60	4898.20	5136.90	5387.23	5649.75	5925.07	6213.81	6516.61	6834.18	7167.22	7516.48	7882.77	8266.91	8669.77	9092.25	9535.33	10000.00
7/4/2024	07:50:38.66  PM	10.00	4.054	4.054	49.134	1.599	4.054	632.809	4.054	300.837	0.000	94.357	0.000	0.000	148	110	114	76	66	46	55	55	66	32	18	29	40	27	40	28	36	30	29	27	35	25	8	14	12	14	20	20	25	52	253	976	1551	1898	3045	4399	5957	7033	7205	6087	4609	3059	2200	1497	1245	1121	913	760	633	484	262	83	63	61	69	39	43	31	25	25	26	47	45	28	19	12	10	9	5	3	2	7	2	0	0	0	0	0	0	0	1	0	0	0	0	0	0	0	0	0	0	0	0	0	0	0	1	0	0
7/4/2024	07:50:48.66  PM	10.00	4.095	4.095	49.604	1.608	4.095	637.568	4.095	303.741	0.000	95.306	0.000	0.000	144	123	108	72	62	44	49	48	40	36	27	28	27	32	30	23	30	29	32	26	29	14	16	20	15	13	16	24	16	46	222	867	1464	1815	2790	4102	5524	7122	7190	6347	5009	3313	2256	1601	1375	1123	934	780	691	491	260	82	77	67	50	44	38	33	22	16	18	30	48	22	19	16	8	14	8	4	3	2	5	1	2	1	1	2	0	0	0	0	0	0	0	0	0	0	0	0	0	1	0	0	0	0	0	0	0
7/4/2024	07:50:58.67  PM	10.00	4.095	4.095	49.623	1.606	4.095	638.651	4.095	303.639	0.000	95.310	0.000	0.000	150	116	91	79	64	55	53	52	47	37	28	18	32	34	28	27	28	21	22	29	33	22	26	18	23	12	19	18	23	39	208	869	1462	1858	2840	4265	5803	6964	7368	6563	5035	3423	2350	1694	1370	1245	1014	806	688	572	271	99	65	75	48	62	37	37	25	21	27	48	37	24	18	7	11	10	5	4	3	1	0	0	0	0	0	0	1	0	0	0	0	1	0	0	0	0	0	0	0	0	0	0	0	0	0	0	0
7/4/2024	07:51:08.67  PM	10.00	4.095	4.095	49.644	1.607	4.095	639.390	4.095	303.502	0.000	95.306	0.000	0.000	184	127	94	95	58	56	52	48	59	39	27	32	44	26	31	22	22	26	12	23	30	23	16	14	17	19	15	24	26	36	165	663	1272	1627	2494	3890	5396	6734	7188	6803	5235	3650	2387	1783	1430	1236	1091	875	709	568	290	100	80	65	53	50	32	38	30	13	32	48	42	33	22	17	11	12	6	1	3	0	1	0	1	0	1	0	0	0	0	0	0	0	0	0	0	0	0	0	0	0	1	0	0	0	0	0	0
7/4/2024	07:51:18.67  PM	10.00	4.095	4.095	49.631	1.607	4.095	639.452	4.095	303.552	0.000	95.309	0.000	0.000	141	133	78	71	73	60	40	60	61	43	41	29	36	32	36	31	32	26	24	28	18	25	21	19	17	18	22	18	19	42	160	689	1286	1681	2525	3788	5395	6733	7431	6787	5392	3791	2449	1766	1328	1224	1069	793	755	592	316	87	67	53	61	50	51	32	33	28	25	37	40	25	21	24	14	7	9	3	3	0	1	0	3	1	0	1	0	1	0	0	0	0	0	0	0	0	0	0	0	0	0	0	0	0	0	1	0
7/4/2024	07:51:28.67  PM	10.00	4.095	4.095	49.634	1.600	4.095	639.500	4.095	303.582	0.000	95.305	0.000	0.000	143	115	84	59	50	48	52	46	54	44	27	34	34	34	30	23	28	21	20	24	19	20	14	9	17	24	19	21	21	48	163	629	1176	1539	2397	3629	5226	6559	7295	7034	5746	4113	2574	1815	1496	1292	1054	944	822	612	304	90	86	64	68	34	48	49	29	29	37	49	35	33	15	15	14	4	6	3	4	3	2	1	0	1	2	1	1	0	1	0	0	0	0	0	0	0	0	0	0	0	0	0	0	0	0	0	0
7/4/2024	07:51:38.67  PM	10.00	4.095	4.095	49.623	1.590	4.095	639.528	4.095	303.420	0.000	95.313	0.000	0.000	148	114	97	85	59	66	45	66	55	39	28	43	29	43	30	31	29	21	26	20	27	21	14	13	19	13	14	17	18	30	112	576	1136	1476	2432	3458	5018	6462	7378	7181	5785	3992	2811	1838	1541	1324	1064	912	812	691	326	97	76	72	59	69	48	50	32	36	26	44	37	40	23	15	16	9	4	4	2	5	6	2	3	2	1	0	0	0	0	0	1	0	0	0	0	0	0	0	0	0	0	0	0	0	0	0	0
7/4/2024	07:51:48.67  PM	10.00	4.095	4.095	49.631	1.585	4.095	639.333	4.095	303.359	0.000	95.310	0.000	0.000	156	96	97	80	63	53	44	51	53	44	35	37	31	39	21	22	24	24	22	20	31	17	13	9	10	15	20	20	21	22	139	610	1026	1402	2411	3554	4969	6697	7229	7143	5699	3883	2733	1855	1554	1379	1114	918	826	662	295	101	94	75	60	63	49	40	26	33	29	44	29	26	27	22	18	6	7	1	2	0	0	0	1	1	1	0	0	0	1	0	0	0	0	0	0	0	0	0	0	0	0	0	0	0	0	0	0
7/4/2024	07:51:58.67  PM	10.00	4.095	4.095	49.629	1.582	4.095	639.199	4.095	303.349	0.000	95.309	0.000	0.000	120	90	74	65	63	55	42	51	56	25	29	27	28	32	26	27	18	30	19	25	24	26	13	5	14	19	14	18	16	23	122	589	1050	1355	2166	3283	4843	6364	7348	7067	5952	4099	2611	1948	1482	1340	1111	966	854	718	329	108	70	71	67	57	55	40	36	39	24	41	49	35	22	10	11	9	13	5	2	3	1	1	1	1	2	4	0	1	0	0	0	0	0	0	0	0	0	0	0	0	0	0	0	0	1	0	0
7/4/2024	07:52:08.67  PM	10.00	4.095	4.095	49.631	1.581	4.095	639.147	4.095	303.307	0.000	95.309	0.000	0.000	114	113	78	59	60	41	46	44	60	35	16	39	31	21	40	25	24	31	22	22	26	17	15	9	13	16	17	25	19	34	118	600	1054	1432	2187	3388	4919	6554	7355	7231	5771	4146	2683	2021	1621	1357	1079	925	856	678	331	112	79	58	56	61	47	43	27	35	27	48	30	41	20	16	11	13	8	2	1	5	2	3	0	0	1	0	0	0	0	1	0	0	0	0	1	0	0	0	0	1	0	0	0	0	0	0	0
7/4/2024	07:52:18.67  PM	10.00	4.095	4.095	49.629	1.580	4.095	639.046	4.095	303.238	0.000	95.309	0.000	0.000	130	100	92	70	54	55	43	48	47	33	27	27	33	28	40	26	29	28	25	17	39	20	23	20	12	21	12	25	26	33	115	515	974	1349	2137	3307	4684	6320	7433	7307	5897	4332	2765	1977	1621	1432	1137	933	885	705	349	101	61	78	60	53	57	44	35	40	34	56	45	29	24	18	13	9	7	3	2	2	3	0	0	2	0	0	0	0	0	0	1	1	0	0	0	0	0	0	0	0	0	0	0	0	1	0	0
