Date	Time	Accum.	Scatter	Current	Sample	Ref.	Temp.	Sheath	Diff.	Box	Purge	Pres.	Aux.	Flow	90.00	94.39	98.99	103.81	108.87	114.17	119.74	125.57	131.69	138.11	144.84	151.90	159.30	167.06	175.20	183.74	192.69	202.09	211.93	222.26	233.09	244.45	256.36	268.86	281.96	295.70	310.11	325.22	341.07	357.69	375.12	393.40	412.57	432.67	453.76	475.87	499.06	523.38	548.89	575.63	603.69	633.10	663.96	696.31	730.24	765.83	803.15	842.29	883.33	926.38	971.52	1018.87	1068.52	1120.59	1175.20	1232.46	1292.52	1355.51	1421.57	1490.84	1563.49	1639.68	1719.59	1803.38	1891.27	1983.43	2080.08	2181.45	2287.75	2399.24	2516.16	2638.77	2767.36	2902.22	3043.65	3191.97	3347.52	3510.65	3681.73	3861.14	4049.30	4246.63	4453.57	4670.60	4898.20	5136.90	5387.23	5649.75	5925.07	6213.81	6516.61	6834.18	7167.22	7516.48	7882.77	8266.91	8669.77	9092.25	9535.33
-	-	Secs	Volts	Volts	sccm	Volts	Volts	sccm	Volts	K	sccm	kPa	Volts	sccm	94.39	98.99	103.81	108.87	114.17	119.74	125.57	131.69	138.11	144.84	151.90	159.30	167.06	175.20	183.74	192.69	202.09	211.93	222.26	233.09	244.45	256.36	268.86	281.96	295.70	310.11	325.22	341.07	357.69	375.12	393.40	412.57	432.67	453.76	475.87	499.06	523.38	548.89	575.63	603.69	633.10	663.96	696.31	730.24	765.83	803.15	842.29	883.33	926.38	971.52	1018.87	1068.52	1120.59	1175.20	1232.46	1292.52	1355.51	1421.57	1490.84	1563.49	1639.68	1719.59	1803.38	1891.27	1983.43	2080.08	2181.45	2287.75	2399.24	2516.16	2638.77	2767.36	2902.22	3043.65	3191.97	3347.52	3510.65	3681.73	3861.14	4049.30	4246.63	4453.57	4670.60	4898.20	5136.90	5387.23	5649.75	5925.07	6213.81	6516.61	6834.18	7167.22	7516.48	7882.77	8266.91	8669.77	9092.25	9535.33	10000.00
7/5/2024	12:28:41.57  AM	10.00	3.932	4.095	49.646	1.573	4.095	632.134	4.095	303.168	0.000	95.681	0.000	0.000	205	157	103	55	51	25	19	23	15	4	1	7	7	6	11	15	39	37	68	103	171	214	248	255	367	355	341	298	227	193	152	111	67	49	53	67	89	99	98	129	161	146	159	180	202	255	341	578	1387	3317	3682	1601	1566	1668	1614	1550	1362	1136	1010	811	667	1297	922	617	400	310	194	124	70	41	28	15	13	11	6	2	5	5	6	0	1	4	4	1	3	2	3	5	2	2	2	1	2	4	1	2	2	1	3
7/5/2024	12:28:51.57  AM	10.00	3.946	4.095	49.607	1.567	4.095	632.176	4.095	302.981	0.000	95.676	0.000	0.000	263	153	129	70	57	16	21	19	13	7	3	5	5	10	9	25	28	40	60	131	174	201	279	280	355	376	316	274	267	186	167	123	72	57	43	43	77	99	103	118	126	147	166	147	200	243	391	604	1445	3557	3592	1523	1531	1508	1578	1523	1412	1118	981	806	693	1286	958	576	378	248	177	114	61	40	28	19	9	8	2	0	0	3	1	1	1	0	1	0	0	0	0	0	0	0	0	0	0	0	0	0	1	0	1
7/5/2024	12:29:01.57  AM	10.00	3.944	4.095	49.660	1.576	4.095	632.304	4.095	303.024	0.000	95.684	0.000	0.000	285	209	129	91	49	36	24	19	11	5	4	4	12	12	16	20	26	41	83	114	186	224	272	303	375	379	335	324	223	201	168	134	76	43	54	59	53	94	107	109	129	150	157	161	183	253	383	646	1550	3415	3632	1551	1563	1543	1540	1535	1276	1125	1009	798	682	1188	915	524	351	270	155	94	77	40	37	24	11	2	3	2	2	0	0	0	0	1	0	1	1	1	0	0	1	0	0	0	0	2	1	0	0	1	0
7/5/2024	12:29:11.57  AM	10.00	3.961	4.095	49.611	1.582	4.095	632.456	4.095	302.993	0.000	95.680	0.000	0.000	248	208	110	82	52	33	19	16	17	9	3	6	8	9	13	15	31	53	93	114	163	190	231	278	343	337	303	267	222	194	168	109	62	60	51	66	71	93	111	112	162	156	159	176	178	255	387	573	1427	3367	3570	1556	1587	1607	1549	1503	1399	1192	1069	881	724	1248	904	577	370	249	180	107	49	41	18	21	9	8	5	2	0	1	1	1	0	0	0	0	1	0	0	0	1	0	1	0	0	1	1	0	0	0	0
7/5/2024	12:29:21.57  AM	10.00	3.882	4.095	49.598	1.590	4.095	632.376	4.095	302.982	0.000	95.676	0.000	0.000	239	191	106	70	56	27	23	18	13	8	6	10	4	10	12	20	23	33	81	123	161	221	253	272	346	402	339	298	273	203	158	133	59	58	53	62	76	94	106	131	117	136	128	173	215	248	395	619	1523	3273	3610	1553	1476	1491	1556	1462	1262	1177	988	869	692	1292	973	603	403	254	160	98	68	44	22	7	14	7	9	1	1	3	0	1	1	1	1	0	0	0	0	0	0	0	1	0	0	0	0	0	0	0	0
7/5/2024	12:29:31.57  AM	10.00	3.907	4.095	49.638	1.592	4.095	632.366	4.095	303.187	0.000	95.671	0.000	0.000	199	156	67	80	42	36	21	15	14	8	5	3	7	10	15	21	27	54	84	98	183	223	227	281	321	404	314	260	251	203	149	116	60	50	45	56	67	92	95	129	125	144	150	148	197	244	356	597	1443	3364	3533	1609	1505	1601	1561	1490	1352	1140	979	821	665	1257	848	546	353	270	157	100	73	31	29	15	17	8	4	6	3	4	1	2	0	0	0	0	1	1	0	0	1	0	1	0	0	2	1	0	0	1	1
7/5/2024	12:29:41.57  AM	10.00	3.874	4.095	49.617	1.599	4.095	632.414	4.095	303.054	0.000	95.673	0.000	0.000	223	165	110	69	38	31	17	17	10	8	6	2	3	8	18	18	35	41	75	109	164	205	255	282	356	376	340	316	259	196	147	94	55	38	52	68	69	101	95	100	150	137	127	175	184	282	354	585	1470	3410	3577	1521	1464	1536	1629	1513	1352	1115	978	817	710	1241	862	590	367	249	169	105	54	37	14	20	16	9	5	4	4	6	1	0	1	2	2	2	1	0	0	1	0	1	0	0	1	0	2	0	3	1	1
7/5/2024	12:29:51.57  AM	10.00	3.936	4.095	49.632	1.603	4.095	632.328	4.095	303.172	0.000	95.677	0.000	0.000	249	171	119	67	49	31	23	11	16	10	5	4	6	6	19	21	25	45	93	109	167	235	248	271	352	355	343	256	239	204	161	103	59	35	50	63	47	75	117	110	127	117	155	150	180	247	396	639	1531	3480	3538	1517	1522	1580	1496	1364	1304	1094	938	784	661	1235	848	527	387	232	166	98	56	34	14	14	13	6	2	3	2	3	0	3	4	3	1	0	0	0	2	0	1	0	1	0	0	1	0	0	1	2	2
7/5/2024	12:30:01.57  AM	10.00	3.972	4.095	49.629	1.605	4.095	632.238	4.095	303.099	0.000	95.676	0.000	0.000	226	163	110	54	33	18	11	11	8	11	3	6	6	9	10	17	29	47	80	118	162	197	247	284	395	405	284	291	278	213	144	106	78	36	44	50	79	89	116	110	144	139	169	181	184	255	332	577	1395	3384	3513	1565	1469	1536	1567	1464	1279	1144	971	869	706	1189	844	575	366	229	157	104	73	33	35	20	15	1	3	0	3	0	2	2	1	1	1	1	2	0	3	0	0	0	0	1	0	1	0	0	1	0	0
7/5/2024	12:30:11.57  AM	10.00	3.996	4.095	49.637	1.612	4.095	632.309	4.095	302.993	0.000	95.675	0.000	0.000	248	154	97	66	46	22	25	18	19	6	6	5	11	12	8	20	29	50	89	138	161	209	269	313	343	377	338	307	260	234	157	121	65	35	59	60	62	91	104	113	126	164	152	169	195	256	394	609	1543	3393	3588	1592	1557	1550	1484	1439	1216	1082	874	796	678	1198	857	579	392	269	162	95	63	33	18	20	7	5	7	1	1	3	1	2	1	1	2	1	2	0	0	2	0	1	0	0	0	1	1	0	0	0	0
7/5/2024	12:30:21.57  AM	10.00	3.838	4.095	49.635	1.615	4.095	632.248	4.095	302.930	0.000	95.675	0.000	0.000	228	171	99	66	44	34	23	8	16	13	3	7	10	5	11	17	36	44	85	125	178	227	255	318	359	367	347	319	255	240	205	119	70	42	49	59	53	69	110	119	113	155	140	176	192	245	366	623	1502	3395	3623	1525	1474	1496	1545	1424	1330	1098	916	731	668	1207	807	555	373	259	161	94	78	37	23	18	7	7	4	3	1	0	0	0	1	1	0	1	0	0	1	0	1	0	0	0	0	0	0	0	0	0	0
