Date	Time	Accum.	Scatter	Current	Sample	Ref.	Temp.	Sheath	Diff.	Box	Purge	Pres.	Aux.	Flow	90.00	94.39	98.99	103.81	108.87	114.17	119.74	125.57	131.69	138.11	144.84	151.90	159.30	167.06	175.20	183.74	192.69	202.09	211.93	222.26	233.09	244.45	256.36	268.86	281.96	295.70	310.11	325.22	341.07	357.69	375.12	393.40	412.57	432.67	453.76	475.87	499.06	523.38	548.89	575.63	603.69	633.10	663.96	696.31	730.24	765.83	803.15	842.29	883.33	926.38	971.52	1018.87	1068.52	1120.59	1175.20	1232.46	1292.52	1355.51	1421.57	1490.84	1563.49	1639.68	1719.59	1803.38	1891.27	1983.43	2080.08	2181.45	2287.75	2399.24	2516.16	2638.77	2767.36	2902.22	3043.65	3191.97	3347.52	3510.65	3681.73	3861.14	4049.30	4246.63	4453.57	4670.60	4898.20	5136.90	5387.23	5649.75	5925.07	6213.81	6516.61	6834.18	7167.22	7516.48	7882.77	8266.91	8669.77	9092.25	9535.33
-	-	Secs	Volts	Volts	sccm	Volts	Volts	sccm	Volts	K	sccm	kPa	Volts	sccm	94.39	98.99	103.81	108.87	114.17	119.74	125.57	131.69	138.11	144.84	151.90	159.30	167.06	175.20	183.74	192.69	202.09	211.93	222.26	233.09	244.45	256.36	268.86	281.96	295.70	310.11	325.22	341.07	357.69	375.12	393.40	412.57	432.67	453.76	475.87	499.06	523.38	548.89	575.63	603.69	633.10	663.96	696.31	730.24	765.83	803.15	842.29	883.33	926.38	971.52	1018.87	1068.52	1120.59	1175.20	1232.46	1292.52	1355.51	1421.57	1490.84	1563.49	1639.68	1719.59	1803.38	1891.27	1983.43	2080.08	2181.45	2287.75	2399.24	2516.16	2638.77	2767.36	2902.22	3043.65	3191.97	3347.52	3510.65	3681.73	3861.14	4049.30	4246.63	4453.57	4670.60	4898.20	5136.90	5387.23	5649.75	5925.07	6213.81	6516.61	6834.18	7167.22	7516.48	7882.77	8266.91	8669.77	9092.25	9535.33	10000.00
7/4/2024	11:06:57.38  PM	10.00	4.026	4.054	49.126	1.569	4.054	625.208	4.054	300.557	0.000	94.636	0.000	0.000	244	191	119	110	61	42	32	23	16	10	5	7	19	19	34	40	42	64	95	107	73	102	100	114	102	85	68	65	43	51	56	69	45	53	50	62	72	83	103	115	212	278	455	753	1187	1843	2414	2954	4552	6645	4287	1323	1111	1015	864	755	683	578	511	446	432	677	565	370	251	158	102	89	60	37	33	19	19	9	11	9	3	0	3	5	2	2	0	0	0	1	1	1	1	0	1	1	0	0	2	1	1	0	1
7/4/2024	11:07:07.38  PM	10.00	4.044	4.095	49.632	1.584	4.095	631.536	4.095	303.457	0.000	95.589	0.000	0.000	282	221	122	86	66	33	25	24	24	11	11	11	14	31	26	37	57	77	100	105	114	98	113	124	115	103	73	61	48	65	82	69	48	54	63	55	66	74	110	124	176	273	413	673	1156	1703	2320	2852	4656	6510	4228	1364	1069	946	855	786	666	612	483	469	355	704	493	361	237	173	109	74	51	29	35	20	16	11	12	7	2	3	5	1	1	2	2	0	2	0	0	0	0	1	0	0	0	1	1	1	0	1	0
7/4/2024	11:07:17.38  PM	10.00	4.040	4.095	49.626	1.580	4.095	631.546	4.095	303.342	0.000	95.594	0.000	0.000	238	194	145	81	67	40	22	19	18	17	18	7	15	30	27	39	49	70	103	115	110	126	102	101	121	100	66	68	63	62	52	68	62	46	50	43	69	72	90	131	168	271	469	709	1156	1702	2413	2740	4637	6539	4227	1319	1061	970	866	775	679	564	485	450	412	697	553	388	282	186	110	79	63	42	29	23	15	10	10	6	6	11	5	8	3	7	6	3	4	1	5	2	6	1	3	5	5	3	4	2	3	3	3
7/4/2024	11:07:27.38  PM	10.00	4.061	4.095	49.640	1.577	4.095	631.664	4.095	303.418	0.000	95.587	0.000	0.000	247	170	133	87	55	27	25	17	22	11	13	16	15	28	30	41	70	64	89	101	105	110	123	109	106	113	71	62	67	79	62	83	56	41	49	70	84	68	91	113	174	261	426	717	1147	1719	2310	2740	4540	6470	4176	1403	1065	977	857	741	649	603	470	430	356	657	563	371	256	161	142	79	63	34	28	25	12	8	10	8	5	7	1	3	4	2	1	0	2	2	0	0	3	2	3	0	1	1	3	1	0	1	0
7/4/2024	11:07:37.38  PM	10.00	4.042	4.095	49.619	1.580	4.095	631.688	4.095	303.453	0.000	95.583	0.000	0.000	291	197	126	80	63	46	20	16	18	10	10	6	22	24	27	47	44	76	82	106	106	112	111	103	124	97	82	60	56	56	58	69	51	40	44	55	78	91	105	126	164	287	427	631	1194	1662	2256	2859	4388	6341	4174	1315	1160	931	886	758	665	550	490	425	349	729	538	368	279	175	120	81	49	35	24	20	12	6	5	4	4	1	1	2	0	0	1	1	1	0	0	1	1	1	1	1	1	0	0	0	0	1	0
7/4/2024	11:07:47.38  PM	10.00	4.023	4.095	49.629	1.580	4.095	631.712	4.095	303.377	0.000	95.589	0.000	0.000	261	172	144	72	48	35	28	17	14	14	7	16	20	28	23	50	55	71	93	89	104	117	136	120	103	122	100	67	55	61	82	75	55	57	45	59	66	83	127	141	181	266	432	721	1130	1695	2255	2738	4518	6158	4311	1350	1088	988	801	766	655	614	476	462	370	719	560	411	244	155	109	89	56	51	31	11	12	12	9	7	3	6	2	1	1	1	0	0	0	0	2	0	2	0	0	0	0	0	1	0	0	0	1
7/4/2024	11:07:57.38  PM	10.00	3.991	4.095	49.612	1.581	4.095	631.669	4.095	303.384	0.000	95.588	0.000	0.000	242	212	148	76	62	39	24	30	19	15	18	19	14	23	41	45	57	73	84	94	109	102	128	126	109	108	81	77	59	47	79	84	52	32	54	56	57	68	97	137	175	252	435	730	1154	1698	2261	2818	4455	6387	4211	1312	1081	953	942	800	632	576	496	438	399	719	568	407	268	152	113	79	52	33	26	27	20	14	8	3	1	2	1	0	0	0	1	1	3	0	0	1	0	0	0	0	1	2	2	0	0	1	0
7/4/2024	11:08:07.38  PM	10.00	3.979	4.095	49.623	1.575	4.095	631.688	4.095	303.554	0.000	95.590	0.000	0.000	272	197	169	104	62	39	20	30	21	12	12	12	23	25	25	40	54	66	90	100	103	116	103	132	125	116	67	61	57	48	63	77	63	39	54	54	58	64	82	142	181	292	441	698	1149	1638	2285	2704	4425	6264	4140	1344	1106	999	865	746	682	587	514	427	412	710	579	380	259	179	106	69	58	43	34	22	17	9	9	7	8	3	7	3	4	1	6	0	1	3	1	3	2	3	7	1	3	1	0	3	2	2	2
7/4/2024	11:08:17.38  PM	10.00	4.060	4.095	49.641	1.577	4.095	631.835	4.095	303.568	0.000	95.589	0.000	0.000	283	246	162	105	72	42	23	14	25	11	15	11	24	16	17	43	41	74	89	85	113	122	117	98	119	103	74	73	51	53	45	84	51	38	46	49	53	72	97	141	155	279	420	716	1094	1666	2231	2821	4453	6366	4154	1302	1062	989	871	817	691	602	535	420	419	727	555	398	239	187	98	84	51	36	26	16	11	15	5	10	5	3	5	1	3	0	0	2	1	0	0	0	0	0	0	0	0	1	0	0	0	0	0
7/4/2024	11:08:27.38  PM	10.00	4.049	4.095	49.630	1.575	4.095	631.816	4.095	303.561	0.000	95.585	0.000	0.000	295	230	165	96	71	45	34	21	20	12	13	14	15	16	27	45	59	68	84	99	119	109	130	112	104	103	67	52	59	48	70	77	42	53	60	56	66	72	99	155	173	275	430	710	1089	1643	2293	2697	4499	6504	4159	1371	1030	1008	868	789	641	580	515	452	398	729	551	403	257	169	109	60	43	35	24	16	13	10	10	4	8	4	2	0	2	1	0	1	0	1	0	0	1	2	0	0	2	0	0	0	0	1	3
7/4/2024	11:08:37.38  PM	10.00	4.052	4.095	49.627	1.578	4.095	631.859	4.095	303.590	0.000	95.593	0.000	0.000	253	225	159	93	53	40	21	21	20	10	8	13	20	27	42	43	42	71	96	109	95	98	110	96	102	88	71	56	49	54	66	65	69	54	61	63	67	75	106	139	193	268	407	673	1127	1630	2243	2779	4553	6495	4339	1380	1168	970	871	799	650	592	552	459	395	755	549	380	259	191	130	82	67	38	26	18	12	12	12	6	4	2	1	0	5	0	0	0	0	2	1	0	1	1	0	0	0	0	1	0	0	0	0
