Date	Time	Accum.	Scatter	Current	Sample	Ref.	Temp.	Sheath	Diff.	Box	Purge	Pres.	Aux.	Flow	90.00	94.39	98.99	103.81	108.87	114.17	119.74	125.57	131.69	138.11	144.84	151.90	159.30	167.06	175.20	183.74	192.69	202.09	211.93	222.26	233.09	244.45	256.36	268.86	281.96	295.70	310.11	325.22	341.07	357.69	375.12	393.40	412.57	432.67	453.76	475.87	499.06	523.38	548.89	575.63	603.69	633.10	663.96	696.31	730.24	765.83	803.15	842.29	883.33	926.38	971.52	1018.87	1068.52	1120.59	1175.20	1232.46	1292.52	1355.51	1421.57	1490.84	1563.49	1639.68	1719.59	1803.38	1891.27	1983.43	2080.08	2181.45	2287.75	2399.24	2516.16	2638.77	2767.36	2902.22	3043.65	3191.97	3347.52	3510.65	3681.73	3861.14	4049.30	4246.63	4453.57	4670.60	4898.20	5136.90	5387.23	5649.75	5925.07	6213.81	6516.61	6834.18	7167.22	7516.48	7882.77	8266.91	8669.77	9092.25	9535.33
-	-	Secs	Volts	Volts	sccm	Volts	Volts	sccm	Volts	K	sccm	kPa	Volts	sccm	94.39	98.99	103.81	108.87	114.17	119.74	125.57	131.69	138.11	144.84	151.90	159.30	167.06	175.20	183.74	192.69	202.09	211.93	222.26	233.09	244.45	256.36	268.86	281.96	295.70	310.11	325.22	341.07	357.69	375.12	393.40	412.57	432.67	453.76	475.87	499.06	523.38	548.89	575.63	603.69	633.10	663.96	696.31	730.24	765.83	803.15	842.29	883.33	926.38	971.52	1018.87	1068.52	1120.59	1175.20	1232.46	1292.52	1355.51	1421.57	1490.84	1563.49	1639.68	1719.59	1803.38	1891.27	1983.43	2080.08	2181.45	2287.75	2399.24	2516.16	2638.77	2767.36	2902.22	3043.65	3191.97	3347.52	3510.65	3681.73	3861.14	4049.30	4246.63	4453.57	4670.60	4898.20	5136.90	5387.23	5649.75	5925.07	6213.81	6516.61	6834.18	7167.22	7516.48	7882.77	8266.91	8669.77	9092.25	9535.33	10000.00
7/5/2024	12:20:01.56  AM	10.00	3.985	4.054	49.138	1.607	4.054	626.546	4.054	300.012	0.000	94.713	0.000	0.000	254	184	137	81	37	36	25	24	10	9	7	6	7	14	28	37	55	82	92	158	163	204	240	269	334	377	305	294	244	170	129	103	64	35	59	54	77	93	84	126	153	134	142	173	178	287	457	710	1723	3888	4035	1722	1625	1770	1667	1643	1514	1231	1068	927	748	1357	1006	631	457	279	176	91	59	37	30	16	6	6	10	2	2	1	2	1	0	1	0	0	0	1	0	0	0	0	1	0	1	1	1	0	0	0	0
7/5/2024	12:20:11.56  AM	10.00	4.010	4.095	49.616	1.618	4.095	633.031	4.095	303.187	0.000	95.674	0.000	0.000	363	225	159	108	74	42	25	23	11	10	3	14	16	16	25	31	42	72	94	110	157	183	212	234	337	341	286	259	228	160	148	109	50	59	55	45	102	106	132	154	160	166	175	193	224	264	421	657	1539	3641	3919	1725	1598	1660	1737	1642	1556	1376	1154	958	759	1393	1046	649	436	303	213	100	79	38	22	15	10	9	7	4	2	1	0	1	2	3	1	0	3	1	1	0	0	0	1	1	0	1	1	1	2	0	1
7/5/2024	12:20:21.56  AM	10.00	4.008	4.095	49.653	1.618	4.095	633.045	4.095	303.239	0.000	95.676	0.000	0.000	234	182	121	84	43	34	25	19	15	5	4	6	7	16	30	40	54	89	79	133	155	228	260	240	334	337	276	257	238	168	159	112	69	42	44	66	91	92	110	116	159	159	147	192	226	281	385	627	1468	3579	3994	1723	1738	1764	1726	1678	1546	1349	1151	974	837	1460	1106	645	475	272	202	120	71	44	28	15	8	6	8	8	4	2	6	1	2	1	2	1	0	0	0	0	0	0	1	0	2	0	1	1	0	0	0
7/5/2024	12:20:31.56  AM	10.00	4.018	4.095	49.600	1.620	4.095	632.916	4.095	303.302	0.000	95.675	0.000	0.000	241	157	112	63	38	25	37	19	7	12	6	7	15	11	29	29	49	55	96	145	156	207	242	246	330	379	302	273	229	204	155	111	69	55	60	67	86	101	121	140	133	153	155	175	201	249	415	662	1557	3613	4071	1704	1665	1713	1770	1674	1526	1291	1156	890	814	1386	1015	716	456	275	194	116	61	35	26	19	9	3	5	3	1	1	2	0	0	0	0	0	0	0	0	2	0	0	1	1	0	0	0	0	0	0	0
7/5/2024	12:20:41.56  AM	10.00	4.037	4.095	49.632	1.617	4.095	632.798	4.095	303.314	0.000	95.673	0.000	0.000	286	173	116	93	56	43	23	22	12	14	1	11	9	17	29	40	44	77	103	129	191	204	220	249	292	320	293	252	211	193	150	105	50	51	52	69	78	86	108	143	139	160	167	161	201	270	385	621	1484	3702	3950	1709	1682	1781	1735	1624	1530	1369	1086	960	831	1477	1029	669	425	288	197	120	74	36	30	12	14	12	5	4	5	1	3	0	3	0	0	1	1	0	0	0	0	0	0	0	0	0	1	1	0	0	0
7/5/2024	12:20:51.56  AM	10.00	4.028	4.095	49.636	1.617	4.095	632.637	4.095	303.265	0.000	95.672	0.000	0.000	256	189	120	77	51	27	21	22	19	13	3	14	14	15	22	25	53	69	101	134	149	226	249	268	335	362	305	281	277	218	164	139	62	56	52	56	71	86	111	120	141	148	157	193	194	239	368	624	1538	3675	3933	1704	1600	1680	1715	1754	1424	1416	1127	926	843	1419	999	714	421	312	196	130	76	57	28	11	9	11	7	3	3	4	2	0	1	0	1	0	0	2	0	0	0	1	0	0	1	0	0	0	1	0	0
7/5/2024	12:21:01.56  AM	10.00	4.069	4.095	49.609	1.618	4.095	632.651	4.095	303.087	0.000	95.677	0.000	0.000	230	168	107	83	38	29	19	17	20	6	13	17	10	17	26	37	33	67	88	138	179	201	257	247	302	372	319	274	260	208	173	105	58	54	53	73	95	83	120	160	141	156	178	180	216	251	388	557	1343	3351	3874	1736	1645	1672	1911	1733	1598	1390	1137	994	796	1512	1071	676	416	312	208	121	80	54	27	27	16	16	1	4	4	1	2	1	0	0	1	1	0	0	0	0	0	0	0	1	0	1	1	0	0	0	1
7/5/2024	12:21:11.56  AM	10.00	3.995	4.095	49.650	1.614	4.095	632.589	4.095	303.267	0.000	95.670	0.000	0.000	299	189	140	91	56	40	26	20	11	7	8	11	11	12	17	34	33	62	108	161	170	202	249	262	351	374	285	310	253	214	143	113	68	41	50	72	79	90	140	142	135	174	197	183	226	276	378	602	1314	3345	3727	1656	1610	1669	1684	1642	1512	1385	1108	1010	760	1442	1090	678	423	299	195	140	83	49	23	24	23	10	11	6	7	1	2	0	0	1	2	0	2	1	0	0	0	2	0	1	1	1	0	0	2	0	1
7/5/2024	12:21:21.56  AM	10.00	3.992	4.095	49.661	1.612	4.095	632.679	4.095	303.377	0.000	95.667	0.000	0.000	261	173	129	84	36	25	25	17	22	15	9	8	12	10	21	43	52	66	110	126	182	210	259	261	365	366	327	294	253	216	152	133	69	43	55	70	91	120	107	132	150	149	153	184	178	255	373	600	1406	3617	3953	1707	1648	1737	1699	1618	1561	1307	1174	943	832	1442	1023	676	438	310	216	144	82	62	34	25	10	11	3	2	2	4	0	0	0	2	1	1	0	1	1	1	1	1	0	1	1	1	0	1	0	0	0
7/5/2024	12:21:31.56  AM	10.00	4.017	4.095	49.624	1.609	4.095	632.656	4.095	303.448	0.000	95.671	0.000	0.000	236	162	94	50	40	31	25	28	17	15	4	5	7	15	21	30	46	84	110	132	174	197	253	284	342	374	346	291	267	202	168	107	55	48	49	67	81	88	134	122	136	149	144	186	201	296	387	677	1480	3512	3988	1653	1644	1710	1737	1645	1432	1251	1065	882	719	1307	974	637	407	291	198	107	68	50	23	18	13	8	5	7	6	0	3	0	3	2	1	1	0	0	0	0	0	0	1	1	1	0	0	0	0	0	0
7/5/2024	12:21:41.56  AM	10.00	4.003	4.095	49.640	1.605	4.095	632.817	4.095	303.246	0.000	95.669	0.000	0.000	229	176	106	76	59	34	25	15	19	4	5	6	10	14	20	35	54	69	102	136	176	222	242	242	342	355	300	284	210	216	147	123	63	38	46	59	71	97	101	109	146	142	180	151	178	273	414	665	1623	3918	4061	1765	1689	1733	1798	1575	1507	1272	1046	883	788	1315	959	646	393	261	177	102	75	39	23	24	15	8	7	6	1	2	2	0	1	1	1	2	2	0	0	2	0	0	0	0	0	0	2	1	0	1	1
