Date	Time	Accum.	Scatter	Current	Sample	Ref.	Temp.	Sheath	Diff.	Box	Purge	Pres.	Aux.	Flow	90.00	94.39	98.99	103.81	108.87	114.17	119.74	125.57	131.69	138.11	144.84	151.90	159.30	167.06	175.20	183.74	192.69	202.09	211.93	222.26	233.09	244.45	256.36	268.86	281.96	295.70	310.11	325.22	341.07	357.69	375.12	393.40	412.57	432.67	453.76	475.87	499.06	523.38	548.89	575.63	603.69	633.10	663.96	696.31	730.24	765.83	803.15	842.29	883.33	926.38	971.52	1018.87	1068.52	1120.59	1175.20	1232.46	1292.52	1355.51	1421.57	1490.84	1563.49	1639.68	1719.59	1803.38	1891.27	1983.43	2080.08	2181.45	2287.75	2399.24	2516.16	2638.77	2767.36	2902.22	3043.65	3191.97	3347.52	3510.65	3681.73	3861.14	4049.30	4246.63	4453.57	4670.60	4898.20	5136.90	5387.23	5649.75	5925.07	6213.81	6516.61	6834.18	7167.22	7516.48	7882.77	8266.91	8669.77	9092.25	9535.33
-	-	Secs	Volts	Volts	sccm	Volts	Volts	sccm	Volts	K	sccm	kPa	Volts	sccm	94.39	98.99	103.81	108.87	114.17	119.74	125.57	131.69	138.11	144.84	151.90	159.30	167.06	175.20	183.74	192.69	202.09	211.93	222.26	233.09	244.45	256.36	268.86	281.96	295.70	310.11	325.22	341.07	357.69	375.12	393.40	412.57	432.67	453.76	475.87	499.06	523.38	548.89	575.63	603.69	633.10	663.96	696.31	730.24	765.83	803.15	842.29	883.33	926.38	971.52	1018.87	1068.52	1120.59	1175.20	1232.46	1292.52	1355.51	1421.57	1490.84	1563.49	1639.68	1719.59	1803.38	1891.27	1983.43	2080.08	2181.45	2287.75	2399.24	2516.16	2638.77	2767.36	2902.22	3043.65	3191.97	3347.52	3510.65	3681.73	3861.14	4049.30	4246.63	4453.57	4670.60	4898.20	5136.90	5387.23	5649.75	5925.07	6213.81	6516.61	6834.18	7167.22	7516.48	7882.77	8266.91	8669.77	9092.25	9535.33	10000.00
7/4/2024	01:31:54.76  PM	10.00	1.482	4.054	49.127	1.673	4.054	628.336	4.054	299.624	0.000	94.441	0.000	0.000	135	108	107	93	72	74	64	70	54	64	99	130	221	462	948	1970	3603	5503	7095	7306	6059	5747	5817	4556	3803	2487	1278	800	426	215	98	49	11	7	3	4	3	3	2	2	1	0	0	0	0	1	0	0	0	0	0	0	0	0	0	0	0	0	0	0	0	0	0	0	0	0	0	0	0	0	0	0	0	0	0	0	0	0	0	0	0	0	0	0	0	0	0	0	0	0	0	0	0	0	0	0	0	0	0
7/4/2024	01:32:04.76  PM	10.00	1.559	4.095	49.636	1.707	4.095	634.746	4.095	302.668	0.000	95.392	0.000	0.000	133	109	87	95	80	81	62	53	71	66	65	106	167	378	814	1743	3222	5133	6858	7311	6349	5641	5695	4821	4074	2475	1336	751	404	232	101	49	16	13	7	5	1	0	0	1	0	1	0	0	0	0	0	0	0	0	0	0	0	0	0	0	0	0	0	0	0	0	0	0	0	0	0	0	0	0	0	0	0	0	1	1	0	0	0	0	0	0	0	0	0	0	0	0	0	0	0	0	0	0	0	0	0	0	0
7/4/2024	01:32:14.76  PM	10.00	1.487	4.095	49.632	1.721	4.095	634.717	4.095	302.511	0.000	95.393	0.000	0.000	93	115	85	89	68	67	52	58	47	54	62	69	174	340	798	1747	3152	5146	6961	7709	6428	5792	6014	4898	4122	2630	1309	772	452	244	128	43	18	10	4	1	4	3	0	0	1	0	0	0	0	0	0	0	0	0	0	0	0	0	0	0	0	0	0	0	0	0	0	0	0	0	0	0	0	0	0	0	0	0	0	0	0	0	0	0	0	0	0	0	0	0	0	0	0	0	0	0	0	0	0	0	0	0	0
7/4/2024	01:32:24.76  PM	10.00	1.549	4.095	49.626	1.729	4.095	634.841	4.095	302.426	0.000	95.389	0.000	0.000	143	112	99	101	74	64	72	52	63	68	66	69	133	319	753	1664	3128	5164	7140	7634	6353	5862	5970	4823	4103	2517	1353	773	454	239	125	49	15	9	4	4	2	4	3	3	2	0	1	0	0	0	0	0	0	0	0	0	0	0	0	0	0	0	0	0	0	0	0	0	0	0	0	0	0	0	0	0	0	0	0	0	0	0	0	0	0	0	0	0	0	0	0	0	0	0	0	0	0	0	0	0	0	0	0
7/4/2024	01:32:34.76  PM	10.00	1.487	4.095	49.622	1.731	4.095	634.850	4.095	302.310	0.000	95.386	0.000	0.000	138	101	108	82	69	72	57	54	72	48	59	72	137	306	656	1584	3142	4838	6731	7591	6436	5685	5817	4715	3961	2666	1421	825	422	228	117	59	22	16	5	1	4	1	0	1	0	0	1	1	0	0	0	0	0	0	0	0	0	0	0	0	0	0	0	0	0	0	0	0	0	0	0	0	0	0	0	0	0	0	0	0	0	0	0	0	0	0	0	0	0	0	0	0	0	0	0	0	0	0	0	0	0	0	0
7/4/2024	01:32:44.76  PM	10.00	1.536	4.095	49.638	1.736	4.095	634.841	4.095	302.143	0.000	95.393	0.000	0.000	133	113	116	90	91	51	69	58	57	55	59	76	122	312	683	1476	2986	4894	6715	7519	6562	5600	6008	4878	4132	2541	1363	825	438	230	137	44	13	9	11	3	6	0	1	1	0	0	0	0	0	1	0	0	0	0	0	0	0	0	0	0	0	0	0	0	0	0	0	0	0	0	0	0	0	0	0	0	0	0	0	0	0	0	0	0	0	0	0	0	0	0	0	0	0	0	0	0	0	0	0	0	0	0	0
7/4/2024	01:32:54.76  PM	10.00	1.536	4.095	49.636	1.734	4.095	634.694	4.095	302.159	0.000	95.389	0.000	0.000	122	107	76	89	86	77	63	43	51	54	51	100	144	287	702	1572	2991	5197	6813	7648	6377	5592	5852	4809	3984	2517	1345	809	446	216	103	40	17	8	4	3	2	6	3	2	0	0	1	0	0	0	0	0	0	0	0	0	0	0	0	0	0	0	0	0	0	0	0	0	0	0	0	0	0	0	0	0	0	0	0	0	0	0	0	0	0	0	0	0	0	0	0	0	0	0	0	0	0	0	0	0	0	0	0
7/4/2024	01:33:04.76  PM	10.00	1.488	4.095	49.632	1.732	4.095	634.703	4.095	302.246	0.000	95.396	0.000	0.000	109	109	93	76	78	46	54	55	49	56	49	71	163	278	614	1535	2965	5052	6767	7560	6382	5701	6005	4810	4019	2562	1328	841	415	202	92	45	17	9	4	3	1	4	1	0	0	2	1	0	0	0	0	0	0	0	0	0	0	0	0	0	0	0	0	0	0	0	0	0	0	0	0	0	0	0	0	0	0	0	0	0	0	0	0	0	0	0	0	0	0	0	0	0	0	0	0	0	0	0	0	0	0	0	0
7/4/2024	01:33:14.76  PM	10.00	1.526	4.095	49.635	1.733	4.095	634.774	4.095	302.374	0.000	95.396	0.000	0.000	104	118	102	76	68	67	62	43	56	58	48	68	144	270	684	1466	2919	4968	6879	7563	6546	5633	5997	4908	4082	2495	1299	835	434	227	114	46	19	12	3	3	1	2	2	0	0	0	0	0	0	0	0	0	0	0	0	0	0	0	0	0	0	0	0	0	0	0	0	0	0	0	0	0	0	0	0	0	0	0	0	0	0	0	0	0	0	0	0	0	0	0	0	0	0	0	0	0	0	0	0	0	0	0	0
7/4/2024	01:33:24.76  PM	10.00	1.548	4.095	49.624	1.731	4.095	634.826	4.095	302.331	0.000	95.393	0.000	0.000	114	105	99	80	82	66	53	58	56	44	43	69	112	266	652	1538	2992	4985	6829	7704	6459	5835	5891	4860	4083	2553	1329	792	475	194	141	63	15	14	4	4	3	2	0	0	1	0	0	0	0	0	0	0	0	0	0	0	0	0	0	0	0	0	0	0	0	0	0	0	0	0	0	0	0	0	0	0	0	0	0	0	0	0	0	0	0	0	0	0	0	0	0	0	0	0	0	0	0	0	0	0	0	0	0
7/4/2024	01:33:34.76  PM	10.00	1.498	4.095	49.623	1.726	4.095	634.869	4.095	302.197	0.000	95.395	0.000	0.000	123	115	106	60	69	63	69	59	55	47	61	77	117	278	665	1551	3045	4940	6932	7641	6382	5727	6055	4899	3929	2499	1487	813	464	200	129	53	11	7	5	6	4	4	3	0	0	2	0	0	0	0	0	0	0	0	0	0	0	0	0	0	0	0	0	0	0	0	0	0	0	0	0	0	0	0	0	0	0	0	0	0	0	0	0	0	0	0	0	0	0	0	0	0	0	0	0	0	0	0	0	0	0	0	0
