Date	Time	Accum.	Scatter	Current	Sample	Ref.	Temp.	Sheath	Diff.	Box	Purge	Pres.	Aux.	Flow	90.00	94.39	98.99	103.81	108.87	114.17	119.74	125.57	131.69	138.11	144.84	151.90	159.30	167.06	175.20	183.74	192.69	202.09	211.93	222.26	233.09	244.45	256.36	268.86	281.96	295.70	310.11	325.22	341.07	357.69	375.12	393.40	412.57	432.67	453.76	475.87	499.06	523.38	548.89	575.63	603.69	633.10	663.96	696.31	730.24	765.83	803.15	842.29	883.33	926.38	971.52	1018.87	1068.52	1120.59	1175.20	1232.46	1292.52	1355.51	1421.57	1490.84	1563.49	1639.68	1719.59	1803.38	1891.27	1983.43	2080.08	2181.45	2287.75	2399.24	2516.16	2638.77	2767.36	2902.22	3043.65	3191.97	3347.52	3510.65	3681.73	3861.14	4049.30	4246.63	4453.57	4670.60	4898.20	5136.90	5387.23	5649.75	5925.07	6213.81	6516.61	6834.18	7167.22	7516.48	7882.77	8266.91	8669.77	9092.25	9535.33
-	-	Secs	Volts	Volts	sccm	Volts	Volts	sccm	Volts	K	sccm	kPa	Volts	sccm	94.39	98.99	103.81	108.87	114.17	119.74	125.57	131.69	138.11	144.84	151.90	159.30	167.06	175.20	183.74	192.69	202.09	211.93	222.26	233.09	244.45	256.36	268.86	281.96	295.70	310.11	325.22	341.07	357.69	375.12	393.40	412.57	432.67	453.76	475.87	499.06	523.38	548.89	575.63	603.69	633.10	663.96	696.31	730.24	765.83	803.15	842.29	883.33	926.38	971.52	1018.87	1068.52	1120.59	1175.20	1232.46	1292.52	1355.51	1421.57	1490.84	1563.49	1639.68	1719.59	1803.38	1891.27	1983.43	2080.08	2181.45	2287.75	2399.24	2516.16	2638.77	2767.36	2902.22	3043.65	3191.97	3347.52	3510.65	3681.73	3861.14	4049.30	4246.63	4453.57	4670.60	4898.20	5136.90	5387.23	5649.75	5925.07	6213.81	6516.61	6834.18	7167.22	7516.48	7882.77	8266.91	8669.77	9092.25	9535.33	10000.00
7/4/2024	11:17:20.69  PM	10.00	3.996	4.054	49.141	1.530	4.054	622.911	4.054	300.759	0.000	94.641	0.000	0.000	280	211	127	82	47	33	15	23	21	11	5	12	21	25	37	43	66	92	135	164	173	203	213	199	261	214	160	138	122	102	88	65	56	28	47	47	57	75	82	102	129	185	305	491	844	1320	1959	2376	4039	5934	3885	1240	1040	948	889	703	574	520	488	395	320	648	518	357	238	176	141	80	70	35	23	21	21	10	13	4	1	2	2	0	2	1	0	5	1	1	1	0	2	3	0	1	0	2	2	1	2	0	0
7/4/2024	11:17:30.69  PM	10.00	3.988	4.095	49.631	1.553	4.095	629.362	4.095	303.693	0.000	95.598	0.000	0.000	273	196	124	73	51	33	24	19	21	16	7	8	19	17	35	37	67	88	124	125	149	167	168	201	205	213	143	139	125	87	63	67	61	43	32	50	48	58	71	89	109	173	279	474	831	1280	1905	2335	3912	5744	3849	1220	1050	946	861	698	630	534	475	375	394	691	484	339	225	176	108	81	64	42	33	24	15	6	6	3	5	2	3	1	0	0	0	0	0	0	0	0	0	0	0	0	0	0	0	1	0	0	0
7/4/2024	11:17:40.69  PM	10.00	4.002	4.095	49.636	1.555	4.095	629.490	4.095	303.627	0.000	95.600	0.000	0.000	311	211	142	92	55	40	20	22	11	15	8	15	17	18	27	40	70	82	117	140	171	195	178	196	231	213	140	134	119	83	75	90	50	44	49	57	62	64	65	95	134	189	282	511	800	1310	1839	2437	4054	5736	3753	1238	1030	891	758	720	615	527	452	398	361	670	476	328	221	134	114	78	56	28	22	17	16	11	9	9	2	3	3	1	2	3	0	4	2	1	2	0	0	4	1	1	6	3	3	1	1	2	0
7/4/2024	11:17:50.69  PM	10.00	4.012	4.095	49.654	1.555	4.095	629.594	4.095	303.530	0.000	95.602	0.000	0.000	285	198	140	82	59	47	31	14	19	11	13	14	14	20	38	51	72	90	117	168	184	179	209	191	240	217	159	111	106	84	81	63	43	38	37	53	51	67	76	85	109	184	273	489	885	1334	1918	2492	4010	5765	3773	1265	1007	900	774	690	575	526	457	412	375	662	499	331	229	172	119	64	67	39	24	17	19	9	5	8	4	4	0	2	1	1	0	1	0	1	1	1	1	1	0	0	1	0	0	0	0	0	0
7/4/2024	11:18:00.69  PM	10.00	4.015	4.095	49.620	1.558	4.095	630.124	4.095	303.611	0.000	95.601	0.000	0.000	327	200	128	107	61	30	22	16	17	3	9	8	17	27	42	42	77	78	121	144	158	183	196	184	233	245	158	141	104	94	70	76	51	39	41	41	60	58	53	89	129	207	312	486	845	1313	1860	2437	3933	5776	3789	1238	986	854	756	698	609	500	462	380	357	689	461	361	236	177	100	86	50	28	34	16	14	9	6	2	4	2	1	3	0	1	1	1	0	0	1	0	0	1	0	0	0	0	0	0	0	0	0
7/4/2024	11:18:10.69  PM	10.00	3.984	4.095	49.634	1.556	4.095	630.304	4.095	303.740	0.000	95.599	0.000	0.000	272	200	151	85	67	23	31	23	14	13	9	10	19	26	32	41	71	97	132	151	169	174	184	192	243	216	172	119	95	77	70	80	67	35	42	59	49	71	84	84	134	170	266	504	811	1358	1894	2511	3937	5808	3850	1227	1050	937	813	718	604	518	445	387	367	672	499	390	226	173	114	79	41	36	22	17	11	13	10	2	2	4	3	2	1	1	0	1	1	1	0	0	0	0	0	2	0	0	0	0	0	0	0
7/4/2024	11:18:20.69  PM	10.00	3.999	4.095	49.620	1.566	4.095	630.356	4.095	303.844	0.000	95.602	0.000	0.000	312	181	155	96	60	33	36	16	20	11	8	20	24	22	35	43	73	84	108	158	196	198	197	188	246	211	165	168	98	92	79	66	42	35	45	55	52	57	71	96	114	181	310	539	825	1357	1836	2458	3911	5675	3630	1208	1045	865	768	750	621	553	441	364	377	677	499	336	245	172	97	80	55	29	24	18	13	11	6	3	1	4	1	1	2	1	2	0	0	0	0	0	0	0	0	0	1	0	1	1	1	1	1
7/4/2024	11:18:30.69  PM	10.00	4.032	4.095	49.633	1.566	4.095	630.399	4.095	303.825	0.000	95.596	0.000	0.000	263	226	114	73	59	46	25	27	19	12	15	10	25	28	31	35	57	90	146	127	138	198	212	192	240	186	176	144	116	76	85	89	55	43	45	56	58	64	93	91	128	186	273	472	766	1264	1806	2289	3853	5740	3782	1151	980	941	810	716	635	507	437	406	367	623	529	352	252	162	110	90	37	40	25	15	11	11	3	6	2	0	2	1	0	2	3	0	0	0	0	2	2	0	0	0	1	4	0	0	1	0	0
7/4/2024	11:18:40.70  PM	10.00	4.011	4.095	49.633	1.565	4.095	630.394	4.095	303.835	0.000	95.603	0.000	0.000	328	206	136	85	46	30	25	23	18	18	14	7	17	25	33	53	54	89	133	134	163	203	226	222	221	203	187	141	106	89	81	91	53	40	40	49	52	60	84	98	139	161	304	482	871	1389	1863	2436	3933	5867	3729	1243	936	881	783	712	582	507	463	418	323	621	488	317	234	143	120	79	43	29	25	21	11	13	5	1	3	1	1	0	0	1	1	0	0	0	1	0	0	0	0	1	0	0	0	1	1	0	1
7/4/2024	11:18:50.69  PM	10.00	3.956	4.095	49.638	1.567	4.095	630.333	4.095	303.931	0.000	95.600	0.000	0.000	210	174	95	74	47	37	23	20	18	8	10	14	15	16	37	39	75	91	117	153	178	201	191	186	232	243	147	132	101	91	64	78	42	30	52	45	59	66	82	86	126	194	283	498	856	1370	1903	2431	3928	5773	3724	1237	978	868	774	686	601	489	425	398	331	689	488	323	206	151	102	65	57	43	26	26	16	8	3	4	4	1	1	0	0	1	1	0	1	0	1	2	1	1	1	0	1	0	1	0	0	2	0
7/4/2024	11:19:00.69  PM	10.00	3.995	4.095	49.607	1.569	4.095	630.460	4.095	303.964	0.000	95.602	0.000	0.000	208	206	127	83	52	33	17	19	11	10	6	14	15	21	35	55	63	100	127	154	171	201	220	210	218	198	179	134	106	74	81	60	44	50	40	46	64	58	57	96	136	182	279	520	938	1315	1959	2478	3951	5810	3695	1309	922	850	797	735	639	544	441	380	340	650	505	353	222	150	107	76	48	45	25	14	12	12	10	3	5	1	2	2	1	2	0	1	2	0	1	0	0	0	2	1	1	0	1	1	0	0	1
