Date	Time	Accum.	Scatter	Current	Sample	Ref.	Temp.	Sheath	Diff.	Box	Purge	Pres.	Aux.	Flow	90.00	94.39	98.99	103.81	108.87	114.17	119.74	125.57	131.69	138.11	144.84	151.90	159.30	167.06	175.20	183.74	192.69	202.09	211.93	222.26	233.09	244.45	256.36	268.86	281.96	295.70	310.11	325.22	341.07	357.69	375.12	393.40	412.57	432.67	453.76	475.87	499.06	523.38	548.89	575.63	603.69	633.10	663.96	696.31	730.24	765.83	803.15	842.29	883.33	926.38	971.52	1018.87	1068.52	1120.59	1175.20	1232.46	1292.52	1355.51	1421.57	1490.84	1563.49	1639.68	1719.59	1803.38	1891.27	1983.43	2080.08	2181.45	2287.75	2399.24	2516.16	2638.77	2767.36	2902.22	3043.65	3191.97	3347.52	3510.65	3681.73	3861.14	4049.30	4246.63	4453.57	4670.60	4898.20	5136.90	5387.23	5649.75	5925.07	6213.81	6516.61	6834.18	7167.22	7516.48	7882.77	8266.91	8669.77	9092.25	9535.33
-	-	Secs	Volts	Volts	sccm	Volts	Volts	sccm	Volts	K	sccm	kPa	Volts	sccm	94.39	98.99	103.81	108.87	114.17	119.74	125.57	131.69	138.11	144.84	151.90	159.30	167.06	175.20	183.74	192.69	202.09	211.93	222.26	233.09	244.45	256.36	268.86	281.96	295.70	310.11	325.22	341.07	357.69	375.12	393.40	412.57	432.67	453.76	475.87	499.06	523.38	548.89	575.63	603.69	633.10	663.96	696.31	730.24	765.83	803.15	842.29	883.33	926.38	971.52	1018.87	1068.52	1120.59	1175.20	1232.46	1292.52	1355.51	1421.57	1490.84	1563.49	1639.68	1719.59	1803.38	1891.27	1983.43	2080.08	2181.45	2287.75	2399.24	2516.16	2638.77	2767.36	2902.22	3043.65	3191.97	3347.52	3510.65	3681.73	3861.14	4049.30	4246.63	4453.57	4670.60	4898.20	5136.90	5387.23	5649.75	5925.07	6213.81	6516.61	6834.18	7167.22	7516.48	7882.77	8266.91	8669.77	9092.25	9535.33	10000.00
7/4/2024	06:12:48.06  PM	10.00	3.834	4.054	49.122	1.643	4.054	624.232	4.054	300.647	0.000	94.338	0.000	0.000	103	93	65	76	56	54	55	60	78	50	29	23	22	21	27	26	17	22	22	19	13	22	33	71	489	2155	4961	6410	7655	9515	7771	3761	1385	706	613	486	365	313	224	172	149	107	82	51	44	30	19	16	18	11	9	0	1	2	1	2	3	0	0	1	1	2	1	1	1	0	0	0	0	0	0	0	0	0	0	0	0	0	0	0	0	0	0	0	0	0	0	0	0	0	0	0	0	0	0	0	0	0	0
7/4/2024	06:12:58.06  PM	10.00	3.863	4.095	49.623	1.659	4.095	630.508	4.095	303.503	0.000	95.286	0.000	0.000	86	84	75	81	62	44	55	60	90	57	34	26	30	31	22	16	21	24	28	19	14	23	36	76	474	2203	4927	6397	7765	10011	8310	3957	1474	805	629	558	420	327	233	180	148	100	91	62	41	30	28	21	15	10	15	0	3	2	2	3	2	1	0	0	1	1	2	0	0	0	0	0	1	0	0	0	0	0	0	0	0	1	0	0	0	0	0	0	0	0	0	0	0	0	0	0	0	0	0	0	0	0	0
7/4/2024	06:13:08.06  PM	10.00	3.936	4.095	49.627	1.660	4.095	631.077	4.095	303.430	0.000	95.286	0.000	0.000	115	87	76	70	61	60	56	64	77	48	27	20	32	23	38	30	25	13	21	21	16	15	32	87	519	2322	5107	6819	7682	9725	7999	3813	1487	831	612	505	439	300	242	177	128	84	80	60	51	32	29	19	9	11	6	3	1	0	3	1	0	0	0	1	0	1	1	0	0	0	0	0	0	0	0	0	0	0	0	0	0	0	0	0	0	0	0	0	0	0	0	0	0	0	0	0	0	0	0	0	0	0	0
7/4/2024	06:13:18.06  PM	10.00	3.890	4.095	49.630	1.662	4.095	631.233	4.095	303.363	0.000	95.285	0.000	0.000	89	112	72	63	69	59	55	67	79	55	26	22	17	23	22	24	21	25	22	18	23	17	33	84	491	2197	4836	6513	7883	9981	8157	3872	1465	804	702	512	399	338	242	182	131	106	68	63	39	29	17	20	20	17	9	2	2	0	1	3	0	0	1	1	3	2	2	0	1	0	0	0	0	0	0	0	0	0	0	0	0	0	0	0	0	0	0	0	0	0	0	0	0	0	0	0	0	0	0	0	0	0	0
7/4/2024	06:13:28.06  PM	10.00	3.970	4.095	49.636	1.662	4.095	631.337	4.095	303.292	0.000	95.290	0.000	0.000	128	96	94	79	71	62	59	79	74	45	29	29	26	30	27	33	31	15	18	22	14	16	32	102	523	2235	4913	6560	7675	9991	8209	4015	1577	811	645	525	410	353	227	177	137	116	74	62	37	33	27	14	14	18	8	6	3	0	2	3	1	3	1	2	1	3	0	1	0	0	0	0	0	0	0	0	0	0	0	0	0	0	0	0	0	0	0	0	0	0	0	0	0	0	0	0	0	0	0	0	0	0	0
7/4/2024	06:13:38.06  PM	10.00	3.825	4.095	49.624	1.660	4.095	631.347	4.095	303.253	0.000	95.286	0.000	0.000	119	103	71	76	62	59	64	47	75	45	35	32	28	32	28	26	24	29	28	25	19	17	27	93	478	2249	5063	6556	7776	9647	7929	3859	1452	807	666	526	410	307	264	173	138	104	88	74	26	36	27	21	16	10	6	2	2	2	1	2	1	1	0	0	4	1	1	0	1	0	1	0	1	0	0	0	0	0	0	0	0	0	0	0	0	0	0	0	0	0	0	0	0	0	0	0	0	0	0	0	0	0	0
7/4/2024	06:13:48.06  PM	10.00	3.940	4.095	49.634	1.659	4.095	631.261	4.095	303.232	0.000	95.282	0.000	0.000	112	89	80	53	59	47	61	61	68	57	33	37	24	30	27	24	22	25	14	21	16	26	31	92	503	2221	4913	6515	7752	9501	8013	3954	1432	808	639	523	402	295	248	164	141	103	78	58	39	39	26	15	19	13	9	0	2	4	0	1	0	2	0	1	1	0	2	3	1	0	0	0	0	0	0	0	0	0	0	0	0	0	0	0	0	0	0	0	0	0	0	0	0	0	0	0	0	0	0	0	0	0	0
7/4/2024	06:13:58.06  PM	10.00	3.920	4.095	49.628	1.662	4.095	631.015	4.095	303.220	0.000	95.283	0.000	0.000	121	94	70	66	70	63	54	72	61	50	28	27	29	25	22	34	28	23	26	19	13	27	23	78	534	2351	5115	6745	7740	9617	7644	3730	1447	770	656	477	387	338	235	174	135	89	67	56	41	32	24	19	16	17	7	4	0	2	0	2	0	0	1	2	0	3	1	2	0	2	0	0	0	1	0	0	0	0	0	0	0	0	0	0	0	0	0	0	0	0	0	0	0	0	0	0	0	0	0	0	0	0	0
7/4/2024	06:14:08.06  PM	10.00	3.998	4.095	49.637	1.664	4.095	630.527	4.095	303.196	0.000	95.282	0.000	0.000	110	101	90	72	56	55	54	66	73	46	28	31	26	21	23	25	30	29	17	20	15	17	29	90	507	2148	4913	6574	7818	9308	8037	3830	1456	837	624	540	413	328	254	172	134	96	97	63	55	23	30	21	12	16	7	2	3	0	2	1	2	2	1	0	2	2	0	0	0	1	1	0	0	0	0	0	0	0	0	0	0	0	0	0	0	0	0	0	0	0	0	0	0	0	0	0	0	0	0	0	0	0	0
7/4/2024	06:14:18.06  PM	10.00	3.878	4.095	49.622	1.664	4.095	630.499	4.095	303.147	0.000	95.291	0.000	0.000	133	83	78	69	58	53	63	48	75	32	30	27	25	31	30	23	24	30	22	10	10	19	39	78	467	2140	4839	6385	7796	9450	7915	3878	1498	786	680	490	414	326	245	209	139	89	71	75	54	29	26	19	14	29	7	0	3	1	0	1	1	3	1	1	0	1	1	0	0	0	0	0	0	0	0	0	0	0	0	0	0	0	0	0	0	0	0	0	0	0	0	0	0	0	0	0	0	0	0	0	0	0	0
7/4/2024	06:14:28.06  PM	10.00	3.916	4.095	49.628	1.662	4.095	630.489	4.095	303.158	0.000	95.287	0.000	0.000	122	119	95	73	62	59	53	53	65	52	21	24	29	27	30	17	24	25	11	19	13	19	30	75	531	2235	4877	6537	7652	9722	7795	3862	1448	798	634	517	380	344	216	166	129	100	82	68	55	31	27	27	12	14	2	2	0	0	1	0	2	0	1	1	1	1	1	1	0	0	2	0	0	0	1	0	0	0	0	0	0	0	0	0	0	0	0	0	0	0	0	0	0	0	0	0	0	0	0	0	0	0	0
