Date	Time	Accum.	Scatter	Current	Sample	Ref.	Temp.	Sheath	Diff.	Box	Purge	Pres.	Aux.	Flow	90.00	94.39	98.99	103.81	108.87	114.17	119.74	125.57	131.69	138.11	144.84	151.90	159.30	167.06	175.20	183.74	192.69	202.09	211.93	222.26	233.09	244.45	256.36	268.86	281.96	295.70	310.11	325.22	341.07	357.69	375.12	393.40	412.57	432.67	453.76	475.87	499.06	523.38	548.89	575.63	603.69	633.10	663.96	696.31	730.24	765.83	803.15	842.29	883.33	926.38	971.52	1018.87	1068.52	1120.59	1175.20	1232.46	1292.52	1355.51	1421.57	1490.84	1563.49	1639.68	1719.59	1803.38	1891.27	1983.43	2080.08	2181.45	2287.75	2399.24	2516.16	2638.77	2767.36	2902.22	3043.65	3191.97	3347.52	3510.65	3681.73	3861.14	4049.30	4246.63	4453.57	4670.60	4898.20	5136.90	5387.23	5649.75	5925.07	6213.81	6516.61	6834.18	7167.22	7516.48	7882.77	8266.91	8669.77	9092.25	9535.33
-	-	Secs	Volts	Volts	sccm	Volts	Volts	sccm	Volts	K	sccm	kPa	Volts	sccm	94.39	98.99	103.81	108.87	114.17	119.74	125.57	131.69	138.11	144.84	151.90	159.30	167.06	175.20	183.74	192.69	202.09	211.93	222.26	233.09	244.45	256.36	268.86	281.96	295.70	310.11	325.22	341.07	357.69	375.12	393.40	412.57	432.67	453.76	475.87	499.06	523.38	548.89	575.63	603.69	633.10	663.96	696.31	730.24	765.83	803.15	842.29	883.33	926.38	971.52	1018.87	1068.52	1120.59	1175.20	1232.46	1292.52	1355.51	1421.57	1490.84	1563.49	1639.68	1719.59	1803.38	1891.27	1983.43	2080.08	2181.45	2287.75	2399.24	2516.16	2638.77	2767.36	2902.22	3043.65	3191.97	3347.52	3510.65	3681.73	3861.14	4049.30	4246.63	4453.57	4670.60	4898.20	5136.90	5387.23	5649.75	5925.07	6213.81	6516.61	6834.18	7167.22	7516.48	7882.77	8266.91	8669.77	9092.25	9535.33	10000.00
7/4/2024	10:56:12.37  PM	10.00	4.029	4.054	49.147	1.551	4.054	625.378	4.054	300.519	0.000	94.623	0.000	0.000	243	186	156	84	49	35	33	25	19	14	6	12	24	27	36	44	71	79	109	133	158	162	164	161	210	194	140	114	103	94	93	107	78	57	76	85	80	69	124	132	160	176	318	553	959	1632	2298	3055	5088	7345	4619	1464	1220	1034	901	825	679	574	525	428	404	778	602	435	308	227	150	122	95	61	42	26	19	7	13	6	5	2	4	3	0	1	0	1	1	1	0	1	0	0	0	2	1	0	1	0	0	0	0
7/4/2024	10:56:22.37  PM	10.00	4.058	4.095	49.605	1.573	4.095	631.669	4.095	303.460	0.000	95.573	0.000	0.000	265	143	135	85	57	37	32	15	24	13	16	15	22	27	44	42	65	92	100	127	166	192	172	170	204	184	180	133	129	102	101	103	80	52	52	64	70	82	87	126	140	209	339	566	1000	1674	2377	2992	4940	7509	4490	1450	1119	1001	869	802	699	587	486	429	408	785	604	413	305	226	138	97	76	60	47	38	22	15	9	5	9	7	2	5	1	0	2	3	1	0	0	0	0	0	0	0	2	2	2	0	0	1	0
7/4/2024	10:56:32.37  PM	10.00	4.084	4.095	49.645	1.575	4.095	631.674	4.095	303.380	0.000	95.573	0.000	0.000	267	209	128	70	62	44	22	24	32	13	10	20	14	24	35	50	69	71	111	132	159	163	142	168	161	197	131	118	91	89	80	98	62	44	58	58	76	90	91	84	137	216	339	610	1050	1670	2452	3063	5027	7268	4545	1411	1198	1020	872	798	655	642	501	429	407	761	557	440	322	233	159	126	81	52	41	33	17	28	19	12	7	5	2	0	1	2	1	1	0	1	0	1	1	1	1	1	0	1	0	0	0	1	0
7/4/2024	10:56:42.37  PM	10.00	4.093	4.095	49.610	1.574	4.095	631.626	4.095	303.354	0.000	95.576	0.000	0.000	267	197	152	87	60	38	22	15	25	12	11	16	22	21	47	28	70	101	119	134	162	179	173	205	193	183	157	132	111	111	90	93	72	51	63	63	88	94	95	112	144	189	346	593	953	1672	2312	3060	5075	7122	4584	1446	1102	1005	889	746	738	573	461	450	387	745	601	408	303	220	148	97	79	60	44	34	26	22	17	10	2	7	3	4	2	1	3	1	0	0	1	1	1	1	0	0	0	1	2	1	0	3	2
7/4/2024	10:56:52.37  PM	10.00	4.088	4.095	49.666	1.571	4.095	631.636	4.095	303.349	0.000	95.577	0.000	0.000	232	188	120	72	40	43	21	11	18	26	8	16	17	35	33	45	55	92	120	133	162	170	200	183	204	196	158	124	128	84	106	92	58	49	67	72	71	67	95	110	151	187	317	551	931	1583	2261	3057	5089	7255	4531	1443	1139	1010	909	768	698	569	487	432	382	740	563	433	301	215	141	122	86	43	37	28	18	13	10	9	4	4	4	4	0	0	1	1	0	0	0	1	0	0	0	1	3	0	0	0	1	0	0
7/4/2024	10:57:02.37  PM	10.00	4.086	4.095	49.639	1.569	4.095	631.593	4.095	303.290	0.000	95.573	0.000	0.000	246	186	107	81	56	38	32	17	23	14	10	18	22	22	31	58	63	83	103	150	163	181	179	168	187	183	147	122	116	89	106	103	80	43	56	84	84	96	105	125	152	216	340	579	1008	1615	2373	2978	5087	7165	4589	1427	1125	1039	909	780	657	573	526	413	386	718	570	424	288	206	142	121	87	64	32	24	20	17	10	4	9	0	2	2	1	3	1	0	0	0	1	0	1	1	0	0	0	0	0	1	1	0	0
7/4/2024	10:57:12.37  PM	10.00	4.083	4.095	49.634	1.572	4.095	631.508	4.095	303.330	0.000	95.578	0.000	0.000	293	245	142	107	60	47	35	18	32	18	15	10	19	36	31	39	54	88	120	118	140	161	169	182	179	168	125	116	94	100	83	105	63	67	62	74	81	83	100	119	144	223	326	593	1060	1657	2339	3079	5050	7257	4360	1379	1115	1033	856	750	694	552	513	431	371	722	570	412	300	193	166	100	78	62	40	24	23	12	10	11	7	4	5	2	0	1	1	0	1	0	2	2	0	1	0	0	1	0	0	0	0	0	0
7/4/2024	10:57:22.37  PM	10.00	4.073	4.095	49.642	1.575	4.095	631.546	4.095	303.297	0.000	95.581	0.000	0.000	252	178	126	95	57	38	35	19	17	12	8	18	16	29	32	48	78	80	75	122	144	184	164	182	222	178	153	128	105	92	92	96	60	55	59	69	78	82	110	123	172	225	365	569	1048	1665	2327	2957	4981	7183	4443	1333	1060	962	830	761	635	560	488	427	397	709	562	415	284	224	150	117	72	51	29	25	24	18	15	9	11	2	3	3	1	0	1	0	0	1	0	1	0	0	0	0	0	1	0	1	1	0	0
7/4/2024	10:57:32.37  PM	10.00	4.039	4.095	49.649	1.581	4.095	631.513	4.095	303.278	0.000	95.582	0.000	0.000	265	211	143	91	70	35	33	28	13	12	5	13	23	28	36	47	56	77	102	138	149	182	193	166	212	199	140	115	120	97	103	92	61	53	59	69	80	78	100	134	141	237	337	567	1019	1633	2335	2991	5129	7039	4338	1357	1109	910	859	734	565	560	474	429	389	692	540	436	321	205	148	113	53	47	39	28	22	16	11	4	6	3	1	2	2	1	0	2	2	1	2	5	2	2	0	1	0	1	0	2	1	0	2
7/4/2024	10:57:42.37  PM	10.00	4.057	4.095	49.606	1.579	4.095	631.531	4.095	303.267	0.000	95.575	0.000	0.000	256	215	153	89	64	45	21	14	21	7	4	11	21	30	42	45	68	98	114	137	142	154	192	196	207	205	153	123	104	103	111	82	58	58	63	76	68	85	108	116	149	198	379	591	971	1582	2312	3182	4947	7128	4434	1411	1105	999	897	778	661	581	492	428	387	775	554	410	285	217	145	105	89	48	46	24	23	13	9	2	8	4	3	2	1	0	1	0	0	0	1	1	1	0	0	0	2	1	0	1	0	0	0
7/4/2024	10:57:52.37  PM	10.00	4.036	4.095	49.616	1.577	4.095	631.683	4.095	303.274	0.000	95.585	0.000	0.000	302	221	140	85	65	43	34	14	15	20	9	16	26	26	29	40	56	81	114	135	139	145	153	163	214	184	139	135	111	90	89	94	61	46	58	75	76	77	86	109	149	221	344	617	1064	1690	2376	2910	4971	7067	4246	1402	1127	965	828	737	665	572	497	433	346	704	590	439	253	213	146	101	78	53	32	29	15	11	7	12	5	3	1	3	7	1	1	0	0	0	0	0	2	1	0	0	0	0	1	2	0	1	0
