Date	Time	Accum.	Scatter	Current	Sample	Ref.	Temp.	Sheath	Diff.	Box	Purge	Pres.	Aux.	Flow	90.00	94.39	98.99	103.81	108.87	114.17	119.74	125.57	131.69	138.11	144.84	151.90	159.30	167.06	175.20	183.74	192.69	202.09	211.93	222.26	233.09	244.45	256.36	268.86	281.96	295.70	310.11	325.22	341.07	357.69	375.12	393.40	412.57	432.67	453.76	475.87	499.06	523.38	548.89	575.63	603.69	633.10	663.96	696.31	730.24	765.83	803.15	842.29	883.33	926.38	971.52	1018.87	1068.52	1120.59	1175.20	1232.46	1292.52	1355.51	1421.57	1490.84	1563.49	1639.68	1719.59	1803.38	1891.27	1983.43	2080.08	2181.45	2287.75	2399.24	2516.16	2638.77	2767.36	2902.22	3043.65	3191.97	3347.52	3510.65	3681.73	3861.14	4049.30	4246.63	4453.57	4670.60	4898.20	5136.90	5387.23	5649.75	5925.07	6213.81	6516.61	6834.18	7167.22	7516.48	7882.77	8266.91	8669.77	9092.25	9535.33
-	-	Secs	Volts	Volts	sccm	Volts	Volts	sccm	Volts	K	sccm	kPa	Volts	sccm	94.39	98.99	103.81	108.87	114.17	119.74	125.57	131.69	138.11	144.84	151.90	159.30	167.06	175.20	183.74	192.69	202.09	211.93	222.26	233.09	244.45	256.36	268.86	281.96	295.70	310.11	325.22	341.07	357.69	375.12	393.40	412.57	432.67	453.76	475.87	499.06	523.38	548.89	575.63	603.69	633.10	663.96	696.31	730.24	765.83	803.15	842.29	883.33	926.38	971.52	1018.87	1068.52	1120.59	1175.20	1232.46	1292.52	1355.51	1421.57	1490.84	1563.49	1639.68	1719.59	1803.38	1891.27	1983.43	2080.08	2181.45	2287.75	2399.24	2516.16	2638.77	2767.36	2902.22	3043.65	3191.97	3347.52	3510.65	3681.73	3861.14	4049.30	4246.63	4453.57	4670.60	4898.20	5136.90	5387.23	5649.75	5925.07	6213.81	6516.61	6834.18	7167.22	7516.48	7882.77	8266.91	8669.77	9092.25	9535.33	10000.00
7/4/2024	07:40:19.95  PM	10.00	0.412	4.054	49.128	1.572	4.054	621.572	4.054	300.566	0.000	94.352	0.000	0.000	1964	337	127	581	869	431	126	131	110	35	26	8	7	7	20	17	8	10	6	9	7	11	10	7	8	8	2	1	0	1	1	3	0	1	0	0	2	1	0	0	0	0	0	0	1	0	0	0	0	0	0	0	0	0	0	0	0	0	0	0	0	0	0	0	0	0	0	0	0	0	0	0	0	0	0	0	0	0	0	0	0	0	0	0	0	0	0	0	0	0	0	0	0	0	0	0	0	0	0
7/4/2024	07:40:29.95  PM	10.00	0.412	4.095	49.641	1.593	4.095	627.447	4.095	303.590	0.000	95.305	0.000	0.000	1829	347	156	566	836	395	122	112	80	45	23	15	11	9	13	14	6	4	6	7	7	6	6	4	9	5	3	0	0	0	1	0	0	0	0	0	0	0	0	0	1	0	0	0	0	0	0	0	0	0	0	0	0	0	0	0	0	0	0	0	0	0	0	0	0	0	0	0	0	0	0	0	0	0	0	0	0	0	0	0	0	0	0	0	0	0	0	0	0	0	0	0	0	0	0	0	0	0	0
7/4/2024	07:40:39.95  PM	10.00	0.414	4.095	49.623	1.580	4.095	625.865	4.095	303.462	0.000	95.303	0.000	0.000	1941	367	143	603	907	451	150	108	110	47	35	11	5	11	8	14	11	13	10	5	9	14	8	4	6	6	5	1	1	0	0	0	0	0	0	0	0	0	0	0	0	0	0	0	0	0	0	0	0	0	0	0	0	0	0	0	0	0	0	0	0	0	0	0	0	0	0	0	0	0	0	0	0	0	0	0	0	0	0	0	0	0	0	0	0	0	0	0	0	0	0	0	0	0	0	0	0	0	0
7/4/2024	07:40:49.95  PM	10.00	0.412	4.095	49.631	1.583	4.095	625.690	4.095	303.345	0.000	95.309	0.000	0.000	2033	370	167	621	959	466	126	119	106	45	28	14	14	11	13	13	9	6	9	11	13	4	9	7	5	8	3	0	0	0	0	0	0	0	0	0	0	0	0	0	0	0	0	0	0	0	0	0	0	0	0	0	0	0	0	0	0	0	0	0	0	0	0	0	0	0	0	0	0	0	0	0	0	0	0	0	0	0	0	0	0	0	0	0	0	0	0	0	0	0	0	0	0	0	0	0	0	0	0
7/4/2024	07:40:59.95  PM	10.00	0.413	4.095	49.641	1.581	4.095	625.945	4.095	303.307	0.000	95.310	0.000	0.000	2024	346	136	583	927	473	123	124	101	33	27	11	13	6	8	16	14	10	9	10	7	10	2	4	11	5	3	3	0	0	0	0	0	0	0	0	0	0	0	0	0	0	0	0	0	0	0	0	0	0	0	0	0	0	0	0	0	0	0	0	0	0	0	0	0	0	0	0	0	0	0	0	0	0	0	0	0	0	0	0	0	0	0	0	0	0	0	0	0	0	0	0	0	0	0	0	0	0	0
7/4/2024	07:41:09.95  PM	10.00	0.414	4.095	49.637	1.586	4.095	625.771	4.095	303.321	0.000	95.305	0.000	0.000	2028	393	149	552	895	447	109	112	92	39	30	8	6	9	4	16	12	8	7	9	12	3	6	7	7	4	2	1	0	0	0	0	0	0	0	0	0	0	0	0	0	0	0	0	0	0	0	0	0	0	0	0	0	0	0	0	0	0	0	0	0	0	0	0	0	0	0	0	0	0	0	0	0	0	0	0	0	0	0	0	0	0	0	0	0	0	0	0	0	0	0	0	0	0	0	0	0	0	0
7/4/2024	07:41:19.96  PM	10.00	0.413	4.095	49.630	1.589	4.095	625.761	4.095	303.278	0.000	95.302	0.000	0.000	2167	374	136	563	917	457	118	123	102	43	21	9	10	10	11	10	14	16	10	8	6	9	8	7	7	4	5	1	0	0	0	0	0	0	0	0	0	0	0	0	0	0	0	0	0	0	0	0	0	0	0	0	0	0	0	0	0	0	0	0	0	0	0	0	0	0	0	0	0	0	0	0	0	0	0	0	0	0	0	0	0	0	0	0	0	0	0	0	0	0	0	0	0	0	0	0	0	0	0
7/4/2024	07:41:29.95  PM	10.00	0.413	4.095	49.641	1.586	4.095	625.662	4.095	303.250	0.000	95.309	0.000	0.000	1990	391	141	605	886	447	133	111	101	51	19	8	7	13	8	8	12	8	8	13	13	10	8	6	7	1	5	1	0	0	0	0	0	0	0	0	0	0	0	0	0	0	0	0	0	0	0	0	0	0	0	0	0	0	0	0	0	0	0	0	0	0	0	0	0	0	0	0	0	0	0	0	0	0	0	0	0	0	0	0	0	0	0	0	0	0	0	0	0	0	0	0	0	0	0	0	0	0	0
7/4/2024	07:41:39.96  PM	10.00	0.413	4.095	49.612	1.586	4.095	625.738	4.095	303.224	0.000	95.310	0.000	0.000	2150	407	145	523	885	478	126	135	103	42	22	15	11	6	10	9	5	10	3	6	11	3	6	11	8	8	5	1	1	0	0	0	0	0	0	0	0	0	0	0	0	0	0	0	0	0	0	0	0	0	0	0	0	0	0	0	0	0	0	0	0	0	0	0	0	0	0	0	0	0	0	0	0	0	0	0	0	0	0	0	0	0	0	0	0	0	0	0	0	0	0	0	0	0	0	0	0	0	0
7/4/2024	07:41:49.96  PM	10.00	0.412	4.095	49.635	1.590	4.095	625.832	4.095	303.199	0.000	95.306	0.000	0.000	2020	425	146	514	858	434	132	111	96	33	24	10	6	13	11	9	15	8	5	5	16	11	8	9	9	5	4	0	0	0	0	0	0	0	0	0	0	0	0	0	0	0	0	0	0	0	0	0	0	0	0	0	0	0	0	0	0	0	0	0	0	0	0	0	0	0	0	0	0	0	0	0	0	0	0	0	0	0	0	0	0	0	0	0	0	0	0	0	0	0	0	0	0	0	0	0	0	0	0
7/4/2024	07:41:59.95  PM	10.00	0.411	4.095	49.630	1.593	4.095	625.804	4.095	303.245	0.000	95.308	0.000	0.000	2084	371	151	554	932	475	128	127	110	42	20	12	9	9	7	12	14	7	4	13	8	7	6	1	0	6	3	0	1	0	0	0	0	0	0	0	0	0	0	0	0	0	0	0	0	0	0	0	0	0	0	0	0	0	0	0	0	0	0	0	0	0	0	0	0	0	0	0	0	0	0	0	0	0	0	0	0	0	0	0	0	0	0	0	0	0	0	0	0	0	0	0	0	0	0	0	0	0	0
