Date	Time	Accum.	Scatter	Current	Sample	Ref.	Temp.	Sheath	Diff.	Box	Purge	Pres.	Aux.	Flow	90.00	94.39	98.99	103.81	108.87	114.17	119.74	125.57	131.69	138.11	144.84	151.90	159.30	167.06	175.20	183.74	192.69	202.09	211.93	222.26	233.09	244.45	256.36	268.86	281.96	295.70	310.11	325.22	341.07	357.69	375.12	393.40	412.57	432.67	453.76	475.87	499.06	523.38	548.89	575.63	603.69	633.10	663.96	696.31	730.24	765.83	803.15	842.29	883.33	926.38	971.52	1018.87	1068.52	1120.59	1175.20	1232.46	1292.52	1355.51	1421.57	1490.84	1563.49	1639.68	1719.59	1803.38	1891.27	1983.43	2080.08	2181.45	2287.75	2399.24	2516.16	2638.77	2767.36	2902.22	3043.65	3191.97	3347.52	3510.65	3681.73	3861.14	4049.30	4246.63	4453.57	4670.60	4898.20	5136.90	5387.23	5649.75	5925.07	6213.81	6516.61	6834.18	7167.22	7516.48	7882.77	8266.91	8669.77	9092.25	9535.33
-	-	Secs	Volts	Volts	sccm	Volts	Volts	sccm	Volts	K	sccm	kPa	Volts	sccm	94.39	98.99	103.81	108.87	114.17	119.74	125.57	131.69	138.11	144.84	151.90	159.30	167.06	175.20	183.74	192.69	202.09	211.93	222.26	233.09	244.45	256.36	268.86	281.96	295.70	310.11	325.22	341.07	357.69	375.12	393.40	412.57	432.67	453.76	475.87	499.06	523.38	548.89	575.63	603.69	633.10	663.96	696.31	730.24	765.83	803.15	842.29	883.33	926.38	971.52	1018.87	1068.52	1120.59	1175.20	1232.46	1292.52	1355.51	1421.57	1490.84	1563.49	1639.68	1719.59	1803.38	1891.27	1983.43	2080.08	2181.45	2287.75	2399.24	2516.16	2638.77	2767.36	2902.22	3043.65	3191.97	3347.52	3510.65	3681.73	3861.14	4049.30	4246.63	4453.57	4670.60	4898.20	5136.90	5387.23	5649.75	5925.07	6213.81	6516.61	6834.18	7167.22	7516.48	7882.77	8266.91	8669.77	9092.25	9535.33	10000.00
7/4/2024	07:09:44.22  PM	10.00	4.054	4.054	49.126	1.552	4.054	625.502	4.054	300.309	0.000	94.332	0.000	0.000	149	115	96	66	65	63	63	55	64	40	33	35	27	22	22	27	27	23	27	22	16	11	8	10	15	19	21	31	198	1088	3277	6110	5978	5413	5995	5828	5075	3682	2415	1710	1277	980	846	629	480	352	248	192	172	135	72	22	18	12	16	17	11	8	9	6	6	14	10	12	5	6	1	2	3	1	3	1	4	1	1	1	0	0	1	0	0	1	0	0	0	0	0	0	0	0	0	0	0	0	0	0	0	0	0
7/4/2024	07:09:54.22  PM	10.00	4.091	4.095	49.630	1.570	4.095	631.902	4.095	303.396	0.000	95.283	0.000	0.000	129	119	97	95	73	67	54	57	51	43	21	33	19	30	24	29	34	21	15	26	31	23	11	7	10	18	14	28	200	1108	3302	5987	5983	5375	5781	5837	4807	3635	2402	1740	1174	970	755	647	429	336	259	216	165	131	82	28	25	18	20	8	13	17	8	8	7	14	13	16	5	4	5	4	1	1	0	1	1	0	0	1	0	0	0	0	0	0	0	0	0	0	0	0	0	0	0	0	0	0	0	0	0	0	0
7/4/2024	07:10:04.22  PM	10.00	4.088	4.095	49.623	1.570	4.095	631.797	4.095	303.410	0.000	95.288	0.000	0.000	156	115	103	100	63	56	60	48	68	38	36	36	34	20	31	26	20	20	24	23	25	18	18	9	20	27	11	37	199	1043	3127	5824	5959	5265	5847	5684	4898	3521	2516	1666	1262	958	757	612	441	359	248	165	181	126	65	24	21	13	26	18	8	13	10	7	7	5	17	12	13	4	6	2	3	3	0	1	0	0	0	0	0	0	0	0	0	0	0	0	0	0	0	0	0	0	0	0	0	0	0	0	0	0	0
7/4/2024	07:10:14.22  PM	10.00	4.082	4.095	49.626	1.571	4.095	631.911	4.095	303.554	0.000	95.285	0.000	0.000	188	156	89	85	64	82	66	55	64	43	21	31	37	27	27	26	26	21	25	28	21	10	13	10	8	19	17	26	172	987	3111	5734	5888	5325	5889	5686	4802	3499	2309	1615	1120	934	764	585	448	343	260	170	190	150	74	18	18	17	16	10	8	12	9	10	6	12	12	7	11	11	7	6	1	1	1	0	1	1	0	0	0	0	0	0	0	0	0	0	0	0	0	1	0	0	0	0	0	0	0	0	0	0	0
7/4/2024	07:10:24.22  PM	10.00	4.095	4.095	49.633	1.572	4.095	631.693	4.095	303.556	0.000	95.288	0.000	0.000	136	143	114	73	68	74	40	54	50	41	22	32	36	21	26	23	28	22	29	22	13	22	19	8	22	13	20	32	149	979	3080	5701	5849	5342	5944	5581	4873	3480	2317	1710	1180	998	790	585	474	365	255	174	180	132	66	18	15	22	9	14	12	10	13	8	6	10	17	12	4	9	1	4	2	3	0	0	0	1	0	1	1	0	1	0	0	0	0	0	0	0	1	0	0	0	0	0	0	0	0	0	0	0	0
7/4/2024	07:10:34.22  PM	10.00	4.095	4.095	49.631	1.574	4.095	631.812	4.095	303.467	0.000	95.291	0.000	0.000	176	162	134	82	80	48	47	66	61	48	30	37	28	33	28	26	30	36	28	30	18	12	17	13	9	16	11	35	176	952	2938	5708	5726	5272	5865	5828	4996	3621	2443	1710	1224	973	729	604	458	352	259	189	176	126	52	15	19	21	18	7	16	8	8	9	8	12	14	8	6	4	4	2	7	1	0	1	1	1	2	0	0	0	0	0	0	0	0	0	0	0	0	0	0	0	0	0	0	0	0	0	0	0	0
7/4/2024	07:10:44.22  PM	10.00	4.095	4.095	49.628	1.574	4.095	631.598	4.095	303.208	0.000	95.285	0.000	0.000	184	129	99	86	69	70	61	61	69	38	21	23	36	38	34	34	19	24	25	31	37	19	21	11	16	19	10	37	182	1042	3077	5844	6018	5292	5734	5697	4905	3415	2331	1588	1139	864	778	594	433	334	261	204	183	120	60	26	12	15	9	9	15	10	17	10	8	15	13	5	6	10	3	2	5	1	2	2	0	1	0	1	0	1	0	0	0	0	0	0	0	0	0	0	0	0	0	0	0	0	0	0	0	0	0
7/4/2024	07:10:54.22  PM	10.00	4.095	4.095	49.628	1.579	4.095	631.494	4.095	303.130	0.000	95.292	0.000	0.000	156	134	106	81	63	49	60	40	51	33	26	29	27	28	24	28	26	26	21	24	32	15	10	11	24	21	10	30	195	1011	3226	5850	5946	5317	5827	5704	4724	3470	2302	1646	1122	910	794	572	470	343	247	155	153	154	67	15	16	16	12	8	18	2	5	4	12	13	9	9	13	4	7	3	1	3	1	1	0	1	0	0	0	1	0	0	0	0	0	0	0	0	0	0	0	0	0	0	0	0	0	0	0	0	0
7/4/2024	07:11:04.22  PM	10.00	4.095	4.095	49.644	1.580	4.095	631.588	4.095	303.201	0.000	95.290	0.000	0.000	175	129	98	111	65	59	55	49	57	52	23	31	27	35	27	25	27	22	28	28	27	16	15	9	19	13	16	25	177	1031	3154	5842	5971	5366	5852	5688	4776	3438	2276	1560	1195	956	774	544	443	298	256	182	158	142	71	18	13	14	13	15	9	14	10	7	7	15	14	5	6	8	3	2	3	1	0	0	0	0	1	1	0	0	0	0	1	0	0	0	0	0	0	0	0	0	0	0	0	0	0	0	0	0	0
7/4/2024	07:11:14.22  PM	10.00	4.081	4.095	49.632	1.580	4.095	631.427	4.095	303.264	0.000	95.291	0.000	0.000	153	170	97	84	64	60	51	51	66	35	26	32	43	32	30	18	31	29	25	16	20	17	11	11	10	10	19	32	201	1046	3145	5821	5878	5273	5840	5758	4761	3484	2273	1570	1129	896	802	619	440	349	250	166	185	134	68	19	28	20	13	11	9	6	9	8	0	8	12	7	7	5	0	2	1	2	0	1	1	2	0	0	0	0	0	1	0	0	0	0	0	0	0	0	0	0	0	0	0	0	0	0	0	0	0
7/4/2024	07:11:24.22  PM	10.00	4.082	4.095	49.632	1.581	4.095	631.645	4.095	303.321	0.000	95.286	0.000	0.000	183	138	121	68	79	73	60	53	61	35	20	30	18	36	19	25	33	28	30	29	20	28	10	10	14	17	13	27	179	946	3025	5698	5806	5281	5861	5604	4836	3552	2387	1488	1229	895	748	523	403	322	296	153	163	129	63	16	16	11	9	12	14	5	9	3	6	18	8	4	6	4	7	1	2	4	0	1	0	0	0	0	0	0	1	1	1	0	0	0	0	0	0	0	0	0	0	0	0	0	0	0	0	0	0
