Date	Time	Accum.	Scatter	Current	Sample	Ref.	Temp.	Sheath	Diff.	Box	Purge	Pres.	Aux.	Flow	90.00	94.39	98.99	103.81	108.87	114.17	119.74	125.57	131.69	138.11	144.84	151.90	159.30	167.06	175.20	183.74	192.69	202.09	211.93	222.26	233.09	244.45	256.36	268.86	281.96	295.70	310.11	325.22	341.07	357.69	375.12	393.40	412.57	432.67	453.76	475.87	499.06	523.38	548.89	575.63	603.69	633.10	663.96	696.31	730.24	765.83	803.15	842.29	883.33	926.38	971.52	1018.87	1068.52	1120.59	1175.20	1232.46	1292.52	1355.51	1421.57	1490.84	1563.49	1639.68	1719.59	1803.38	1891.27	1983.43	2080.08	2181.45	2287.75	2399.24	2516.16	2638.77	2767.36	2902.22	3043.65	3191.97	3347.52	3510.65	3681.73	3861.14	4049.30	4246.63	4453.57	4670.60	4898.20	5136.90	5387.23	5649.75	5925.07	6213.81	6516.61	6834.18	7167.22	7516.48	7882.77	8266.91	8669.77	9092.25	9535.33
-	-	Secs	Volts	Volts	sccm	Volts	Volts	sccm	Volts	K	sccm	kPa	Volts	sccm	94.39	98.99	103.81	108.87	114.17	119.74	125.57	131.69	138.11	144.84	151.90	159.30	167.06	175.20	183.74	192.69	202.09	211.93	222.26	233.09	244.45	256.36	268.86	281.96	295.70	310.11	325.22	341.07	357.69	375.12	393.40	412.57	432.67	453.76	475.87	499.06	523.38	548.89	575.63	603.69	633.10	663.96	696.31	730.24	765.83	803.15	842.29	883.33	926.38	971.52	1018.87	1068.52	1120.59	1175.20	1232.46	1292.52	1355.51	1421.57	1490.84	1563.49	1639.68	1719.59	1803.38	1891.27	1983.43	2080.08	2181.45	2287.75	2399.24	2516.16	2638.77	2767.36	2902.22	3043.65	3191.97	3347.52	3510.65	3681.73	3861.14	4049.30	4246.63	4453.57	4670.60	4898.20	5136.90	5387.23	5649.75	5925.07	6213.81	6516.61	6834.18	7167.22	7516.48	7882.77	8266.91	8669.77	9092.25	9535.33	10000.00
7/4/2024	10:19:21.93  PM	10.00	4.054	4.054	49.126	1.581	4.054	631.907	4.054	300.460	0.000	94.569	0.000	0.000	180	164	130	73	61	54	36	27	40	33	9	24	42	37	48	63	58	119	117	137	167	183	176	189	196	209	170	198	170	197	175	150	80	61	78	58	67	81	92	120	209	293	575	1077	2110	3607	5048	5548	7193	7154	3603	918	758	660	655	530	482	484	412	394	416	708	551	442	256	190	130	93	58	24	19	14	16	8	6	6	7	1	0	1	3	3	2	3	2	0	1	1	2	1	0	0	2	1	0	0	0	0	0
7/4/2024	10:19:31.93  PM	10.00	4.095	4.095	49.642	1.608	4.095	638.441	4.095	303.453	0.000	95.520	0.000	0.000	195	153	108	83	38	46	30	35	42	21	17	23	30	32	45	55	66	108	115	126	147	158	165	166	230	228	160	163	172	188	170	159	93	75	63	73	80	115	91	129	203	314	565	1128	2036	3532	4922	5646	7256	7506	3714	1037	813	748	589	570	535	469	420	420	385	748	599	462	326	199	138	97	55	34	31	12	9	15	5	6	10	6	6	5	1	2	1	1	1	1	2	3	1	0	1	2	4	1	1	2	0	1	2
7/4/2024	10:19:41.93  PM	10.00	4.095	4.095	49.631	1.608	4.095	638.383	4.095	303.389	0.000	95.518	0.000	0.000	204	164	119	75	61	45	45	40	31	20	13	25	30	38	54	59	62	104	103	147	136	171	192	190	253	220	211	197	214	211	202	200	106	66	85	64	82	89	116	118	196	281	506	954	1853	3173	4614	5522	7413	7779	3897	1096	825	730	655	570	533	498	450	381	413	750	595	474	298	225	141	83	58	30	25	11	21	10	4	6	6	4	3	7	3	3	2	2	0	1	2	1	3	0	0	1	0	1	0	2	0	0	0
7/4/2024	10:19:51.93  PM	10.00	4.095	4.095	49.621	1.603	4.095	638.455	4.095	303.325	0.000	95.522	0.000	0.000	193	151	123	77	54	40	34	30	35	12	15	18	29	41	58	61	95	80	118	126	179	174	183	221	251	245	203	211	183	194	189	177	107	81	101	61	87	93	109	120	178	260	457	881	1563	2879	4367	5230	7424	8218	4239	1108	859	751	668	660	551	520	438	371	356	734	618	466	340	232	130	92	44	39	32	22	20	11	11	8	4	11	2	4	3	2	3	1	3	1	1	1	0	2	0	0	0	2	0	0	0	0	1
7/4/2024	10:20:01.93  PM	10.00	4.095	4.095	49.620	1.603	4.095	638.531	4.095	303.224	0.000	95.526	0.000	0.000	174	138	122	73	61	43	31	34	32	19	16	15	26	40	39	54	72	110	115	129	148	153	174	197	224	238	218	224	202	208	210	166	118	55	82	76	117	104	99	104	177	228	420	808	1560	2850	4145	5270	7484	8519	4332	1147	946	784	699	643	513	492	471	413	387	767	654	470	319	244	152	106	63	39	22	24	12	10	11	13	3	2	6	4	2	4	3	3	1	3	1	2	1	1	3	1	0	1	0	1	1	0	3
7/4/2024	10:20:11.93  PM	10.00	4.095	4.095	49.632	1.603	4.095	638.522	4.095	303.201	0.000	95.529	0.000	0.000	209	163	125	91	69	40	24	31	27	24	16	22	20	31	46	68	73	103	102	140	122	194	188	207	216	251	201	183	208	192	185	185	123	74	100	83	76	94	116	120	171	254	368	733	1331	2471	3921	4923	7788	8984	4637	1222	909	823	728	634	635	526	442	425	437	772	666	497	333	265	141	102	65	44	30	14	16	13	8	4	6	6	7	4	3	0	2	1	1	1	1	1	1	1	1	0	0	0	0	0	1	0	1
7/4/2024	10:20:21.93  PM	10.00	4.072	4.095	49.622	1.599	4.095	638.584	4.095	303.192	0.000	95.524	0.000	0.000	236	152	109	79	59	38	38	35	29	21	13	11	29	35	41	51	82	107	125	149	173	163	173	210	217	217	184	197	220	203	210	180	104	84	84	76	90	115	101	139	173	208	381	644	1240	2284	3650	4909	7512	8984	4775	1323	948	848	746	725	608	516	460	440	381	756	673	594	370	255	163	122	59	43	25	14	20	14	14	9	9	11	2	7	6	0	1	3	1	0	0	0	0	1	0	2	0	1	3	0	2	2	1
7/4/2024	10:20:31.93  PM	10.00	4.092	4.095	49.629	1.600	4.095	638.603	4.095	303.137	0.000	95.524	0.000	0.000	234	168	133	67	48	34	34	28	27	13	14	14	28	25	54	46	87	109	124	138	158	174	189	184	255	243	225	230	185	226	230	203	105	84	94	83	113	93	107	139	146	210	331	611	1085	2011	3338	4549	7469	9306	5054	1378	1022	876	722	690	617	540	498	430	399	809	722	531	384	259	170	129	77	43	24	25	15	19	11	4	7	9	5	3	1	3	3	3	0	1	0	1	0	0	0	0	1	3	0	0	0	2	0
7/4/2024	10:20:41.93  PM	10.00	4.095	4.095	49.619	1.600	4.095	638.526	4.095	303.097	0.000	95.523	0.000	0.000	203	159	127	78	64	41	39	19	40	23	12	13	22	22	44	36	72	101	116	118	127	154	159	224	247	233	208	183	178	207	177	174	117	81	83	102	116	93	131	130	175	202	273	593	1025	1921	3121	4401	7473	9544	5221	1391	1121	912	766	706	608	545	460	410	414	802	711	547	329	278	164	125	77	49	31	25	14	12	10	9	12	7	6	6	4	6	1	2	0	2	0	1	0	0	2	0	1	0	1	3	2	1	0
7/4/2024	10:20:51.93  PM	10.00	4.095	4.095	49.634	1.605	4.095	638.474	4.095	303.144	0.000	95.529	0.000	0.000	187	152	110	75	59	41	23	43	34	19	12	15	26	34	38	56	82	94	118	132	147	167	180	228	226	234	216	210	220	188	187	193	131	94	97	99	115	141	135	134	188	229	301	587	1059	1812	2960	4195	7199	9553	5331	1406	1108	950	818	695	630	562	472	456	435	811	705	546	365	280	165	113	71	55	28	27	18	14	7	11	7	5	6	6	2	3	3	2	2	2	0	3	0	2	1	2	2	2	0	1	0	2	0
7/4/2024	10:21:01.93  PM	10.00	4.095	4.095	49.623	1.601	4.095	638.512	4.095	303.259	0.000	95.529	0.000	0.000	197	151	123	73	59	41	29	36	18	17	13	15	25	23	41	51	86	98	104	125	143	167	157	211	253	239	196	204	178	208	206	205	124	78	88	102	95	123	127	150	161	216	291	523	938	1688	2972	4345	7300	9599	5533	1515	1173	906	829	677	630	558	481	424	417	897	725	588	394	281	166	114	81	54	43	22	17	10	14	8	14	11	3	5	3	1	3	3	2	1	1	0	0	0	1	3	2	1	3	1	1	1	1
