Date	Time	Accum.	Scatter	Current	Sample	Ref.	Temp.	Sheath	Diff.	Box	Purge	Pres.	Aux.	Flow	90.00	94.39	98.99	103.81	108.87	114.17	119.74	125.57	131.69	138.11	144.84	151.90	159.30	167.06	175.20	183.74	192.69	202.09	211.93	222.26	233.09	244.45	256.36	268.86	281.96	295.70	310.11	325.22	341.07	357.69	375.12	393.40	412.57	432.67	453.76	475.87	499.06	523.38	548.89	575.63	603.69	633.10	663.96	696.31	730.24	765.83	803.15	842.29	883.33	926.38	971.52	1018.87	1068.52	1120.59	1175.20	1232.46	1292.52	1355.51	1421.57	1490.84	1563.49	1639.68	1719.59	1803.38	1891.27	1983.43	2080.08	2181.45	2287.75	2399.24	2516.16	2638.77	2767.36	2902.22	3043.65	3191.97	3347.52	3510.65	3681.73	3861.14	4049.30	4246.63	4453.57	4670.60	4898.20	5136.90	5387.23	5649.75	5925.07	6213.81	6516.61	6834.18	7167.22	7516.48	7882.77	8266.91	8669.77	9092.25	9535.33
-	-	Secs	Volts	Volts	sccm	Volts	Volts	sccm	Volts	K	sccm	kPa	Volts	sccm	94.39	98.99	103.81	108.87	114.17	119.74	125.57	131.69	138.11	144.84	151.90	159.30	167.06	175.20	183.74	192.69	202.09	211.93	222.26	233.09	244.45	256.36	268.86	281.96	295.70	310.11	325.22	341.07	357.69	375.12	393.40	412.57	432.67	453.76	475.87	499.06	523.38	548.89	575.63	603.69	633.10	663.96	696.31	730.24	765.83	803.15	842.29	883.33	926.38	971.52	1018.87	1068.52	1120.59	1175.20	1232.46	1292.52	1355.51	1421.57	1490.84	1563.49	1639.68	1719.59	1803.38	1891.27	1983.43	2080.08	2181.45	2287.75	2399.24	2516.16	2638.77	2767.36	2902.22	3043.65	3191.97	3347.52	3510.65	3681.73	3861.14	4049.30	4246.63	4453.57	4670.60	4898.20	5136.90	5387.23	5649.75	5925.07	6213.81	6516.61	6834.18	7167.22	7516.48	7882.77	8266.91	8669.77	9092.25	9535.33	10000.00
7/5/2024	12:32:30.58  AM	10.00	0.402	4.054	49.132	1.581	4.054	622.263	4.054	299.973	0.000	94.714	0.000	0.000	1233	187	81	346	534	238	63	66	60	29	7	9	3	6	6	7	10	9	2	1	3	11	4	2	6	0	5	1	1	0	2	1	0	0	0	1	0	1	0	0	0	0	0	0	0	0	0	0	1	0	4	1	1	1	0	2	1	0	0	0	0	0	0	0	0	0	0	0	0	0	0	0	0	0	0	0	0	0	0	0	0	0	0	0	0	0	0	0	0	0	0	0	0	0	0	0	0	0	0
7/5/2024	12:32:40.57  AM	10.00	0.405	4.095	49.621	1.593	4.095	628.454	4.095	303.182	0.000	95.669	0.000	0.000	1335	203	87	339	586	313	72	72	66	24	18	12	11	11	9	4	10	8	6	4	10	9	10	3	7	3	3	2	1	0	4	1	0	0	0	0	1	1	0	0	0	0	0	0	0	0	0	0	0	0	1	0	0	0	0	0	0	0	0	0	0	0	0	0	0	0	0	0	0	0	0	0	0	0	0	0	0	0	0	0	0	0	0	0	0	0	0	0	0	0	0	0	0	0	0	0	0	0	0
7/5/2024	12:32:50.58  AM	10.00	0.410	4.095	49.627	1.592	4.095	628.354	4.095	303.175	0.000	95.668	0.000	0.000	1363	212	72	319	516	254	96	77	55	25	20	8	2	8	5	3	14	6	6	5	8	5	7	7	3	3	1	1	1	0	0	0	0	0	0	0	0	0	0	0	0	0	0	0	0	0	0	0	0	0	0	0	0	0	0	0	0	0	0	1	0	0	0	0	0	0	0	0	0	0	0	0	0	0	0	0	0	0	0	0	0	0	0	0	0	0	0	0	0	0	0	0	0	0	0	0	0	0	0
7/5/2024	12:33:00.58  AM	10.00	0.405	4.095	49.624	1.586	4.095	628.288	4.095	303.220	0.000	95.677	0.000	0.000	1372	199	81	321	551	306	80	59	88	28	15	10	7	6	13	3	7	5	7	3	3	2	2	4	2	6	5	0	0	0	1	0	0	0	0	0	0	0	0	0	1	0	0	0	0	0	0	1	0	0	1	0	0	0	0	0	0	0	0	0	0	0	0	0	0	0	0	0	0	0	0	0	0	0	0	0	0	0	0	0	0	0	0	0	0	0	0	0	0	0	0	0	0	0	0	0	0	0	0
7/5/2024	12:33:10.58  AM	10.00	0.407	4.095	49.627	1.576	4.095	628.217	4.095	303.318	0.000	95.672	0.000	0.000	1565	218	62	300	566	313	101	63	63	33	19	10	7	4	5	8	11	2	6	10	2	7	5	7	2	7	3	2	0	0	1	0	0	0	0	0	0	1	0	0	0	1	0	0	0	0	0	0	0	0	0	0	0	0	0	0	0	0	0	0	0	0	0	0	0	0	0	0	0	0	0	0	0	0	0	0	0	0	0	0	0	0	0	0	0	0	0	0	0	0	0	0	0	0	0	0	0	0	0
7/5/2024	12:33:20.58  AM	10.00	0.408	4.095	49.622	1.572	4.095	628.250	4.095	303.326	0.000	95.674	0.000	0.000	1568	220	77	286	569	349	99	80	77	33	17	4	7	5	12	8	6	7	7	8	3	3	7	2	3	2	0	0	0	1	0	0	0	0	0	0	0	0	0	0	1	0	0	0	0	0	0	0	0	0	0	0	0	0	0	0	0	0	0	1	0	0	0	0	0	0	0	0	0	0	0	0	0	0	0	0	0	0	0	0	0	0	0	0	0	0	0	0	0	0	0	0	0	0	0	0	0	0	0
7/5/2024	12:33:30.58  AM	10.00	0.408	4.095	49.631	1.567	4.095	628.208	4.095	303.295	0.000	95.674	0.000	0.000	1527	225	60	270	551	321	104	64	70	31	18	7	3	8	7	8	10	6	6	5	4	2	9	2	4	5	1	1	0	0	0	0	0	0	0	0	0	0	0	0	0	0	0	0	0	0	0	0	0	0	0	0	0	0	0	0	0	0	0	0	0	0	0	0	0	0	0	0	0	0	0	0	0	0	0	0	0	0	0	0	0	0	0	0	0	0	0	0	0	0	0	0	0	0	0	0	0	0	0
7/5/2024	12:33:40.58  AM	10.00	0.408	4.095	49.640	1.563	4.095	627.881	4.095	303.356	0.000	95.670	0.000	0.000	1556	279	66	278	556	354	99	75	58	34	12	9	7	10	3	11	9	10	6	5	11	5	7	4	0	3	3	1	0	0	0	0	1	0	0	0	0	0	0	0	0	0	1	0	0	0	0	0	0	0	0	0	0	0	0	0	0	0	0	0	0	0	0	0	0	0	0	0	0	0	0	0	0	0	0	0	0	0	0	0	0	0	0	0	0	0	0	0	0	0	0	0	0	0	0	0	0	0	0
7/5/2024	12:33:50.58  AM	10.00	0.407	4.095	49.630	1.559	4.095	627.957	4.095	303.128	0.000	95.677	0.000	0.000	1655	254	52	281	544	353	103	73	68	44	20	22	5	4	6	6	3	11	8	12	11	6	4	4	8	6	1	2	1	1	0	0	0	0	0	0	0	1	0	0	0	0	0	0	1	0	0	0	0	0	0	0	0	0	1	0	0	0	0	0	0	0	0	0	0	0	0	0	0	0	0	0	0	0	0	0	0	0	0	0	0	0	0	0	0	0	0	0	0	0	0	0	0	0	0	0	0	0	0
7/5/2024	12:34:00.58  AM	10.00	0.406	4.095	49.644	1.553	4.095	628.160	4.095	302.918	0.000	95.669	0.000	0.000	1640	278	67	236	523	399	105	76	72	30	12	10	12	8	12	6	7	3	5	10	6	5	6	4	7	4	2	2	0	0	1	1	0	0	0	0	0	0	0	0	0	0	0	0	0	0	0	0	0	0	0	0	0	0	0	0	0	0	0	0	0	0	0	0	0	0	0	0	0	0	0	0	0	0	0	0	0	0	0	0	0	0	0	0	0	0	0	0	0	0	0	0	0	0	0	0	0	0	0
7/5/2024	12:34:10.58  AM	10.00	0.407	4.095	49.622	1.554	4.095	628.076	4.095	302.920	0.000	95.673	0.000	0.000	1640	249	60	227	529	365	83	77	59	23	19	9	5	4	8	8	7	7	7	4	3	1	6	3	6	3	3	0	0	0	0	1	0	0	0	0	0	0	0	0	0	0	0	0	0	0	0	0	0	0	0	0	0	0	0	0	0	0	0	0	0	0	0	0	0	0	0	0	0	0	0	0	0	0	0	0	0	0	0	0	0	0	0	0	0	0	0	0	0	0	0	0	0	0	0	0	0	0	0
