Date	Time	Accum.	Scatter	Current	Sample	Ref.	Temp.	Sheath	Diff.	Box	Purge	Pres.	Aux.	Flow	90.00	94.39	98.99	103.81	108.87	114.17	119.74	125.57	131.69	138.11	144.84	151.90	159.30	167.06	175.20	183.74	192.69	202.09	211.93	222.26	233.09	244.45	256.36	268.86	281.96	295.70	310.11	325.22	341.07	357.69	375.12	393.40	412.57	432.67	453.76	475.87	499.06	523.38	548.89	575.63	603.69	633.10	663.96	696.31	730.24	765.83	803.15	842.29	883.33	926.38	971.52	1018.87	1068.52	1120.59	1175.20	1232.46	1292.52	1355.51	1421.57	1490.84	1563.49	1639.68	1719.59	1803.38	1891.27	1983.43	2080.08	2181.45	2287.75	2399.24	2516.16	2638.77	2767.36	2902.22	3043.65	3191.97	3347.52	3510.65	3681.73	3861.14	4049.30	4246.63	4453.57	4670.60	4898.20	5136.90	5387.23	5649.75	5925.07	6213.81	6516.61	6834.18	7167.22	7516.48	7882.77	8266.91	8669.77	9092.25	9535.33
-	-	Secs	Volts	Volts	sccm	Volts	Volts	sccm	Volts	K	sccm	kPa	Volts	sccm	94.39	98.99	103.81	108.87	114.17	119.74	125.57	131.69	138.11	144.84	151.90	159.30	167.06	175.20	183.74	192.69	202.09	211.93	222.26	233.09	244.45	256.36	268.86	281.96	295.70	310.11	325.22	341.07	357.69	375.12	393.40	412.57	432.67	453.76	475.87	499.06	523.38	548.89	575.63	603.69	633.10	663.96	696.31	730.24	765.83	803.15	842.29	883.33	926.38	971.52	1018.87	1068.52	1120.59	1175.20	1232.46	1292.52	1355.51	1421.57	1490.84	1563.49	1639.68	1719.59	1803.38	1891.27	1983.43	2080.08	2181.45	2287.75	2399.24	2516.16	2638.77	2767.36	2902.22	3043.65	3191.97	3347.52	3510.65	3681.73	3861.14	4049.30	4246.63	4453.57	4670.60	4898.20	5136.90	5387.23	5649.75	5925.07	6213.81	6516.61	6834.18	7167.22	7516.48	7882.77	8266.91	8669.77	9092.25	9535.33	10000.00
7/4/2024	11:41:59.72  PM	10.00	4.027	4.054	49.139	1.558	4.054	633.629	4.054	298.511	0.000	94.644	0.000	0.000	227	180	117	77	51	42	20	26	18	13	4	9	7	17	22	35	38	57	101	107	126	140	131	141	163	153	148	138	87	92	80	70	54	59	84	90	127	177	200	216	263	285	306	304	342	428	476	665	1486	3627	4279	1931	2006	2140	2177	2149	1900	1699	1453	1280	1128	1788	1362	889	649	462	323	219	137	65	49	21	21	19	11	10	6	7	3	1	2	0	3	1	1	2	1	0	0	0	0	1	0	1	0	0	1	0	0
7/4/2024	11:42:09.72  PM	10.00	4.058	4.095	49.624	1.565	4.095	640.201	4.095	301.349	0.000	95.600	0.000	0.000	226	162	97	59	50	24	27	14	12	10	5	11	9	13	37	31	41	68	88	89	118	139	125	146	174	168	147	126	107	87	63	65	63	54	78	98	117	184	205	263	249	274	303	297	361	336	471	637	1543	3657	4274	2000	2031	2196	2194	2122	1908	1592	1405	1179	1025	1815	1412	908	663	464	325	221	136	75	46	31	18	20	17	9	6	6	4	3	2	1	3	2	1	1	0	0	0	3	0	1	1	2	0	0	1	0	3
7/4/2024	11:42:19.72  PM	10.00	4.095	4.095	49.637	1.571	4.095	640.283	4.095	301.321	0.000	95.603	0.000	0.000	201	152	97	61	55	36	18	25	14	4	5	7	4	9	24	24	37	57	80	114	108	132	145	161	174	165	150	113	102	80	83	69	51	50	80	130	147	190	233	256	322	294	365	363	379	419	452	640	1356	3394	4098	1973	1973	2135	2212	2084	1944	1637	1455	1277	1037	1835	1371	990	677	461	304	208	140	73	60	38	36	17	14	10	6	6	1	3	1	5	1	0	0	1	0	1	1	2	0	0	0	0	0	0	0	0	1
7/4/2024	11:42:29.72  PM	10.00	4.053	4.095	49.614	1.570	4.095	640.278	4.095	301.250	0.000	95.604	0.000	0.000	206	166	141	70	53	38	26	12	20	8	5	4	13	14	17	23	44	70	96	99	119	109	144	147	185	197	150	141	101	81	68	84	61	55	75	103	146	189	239	266	288	296	315	372	358	440	501	660	1393	3379	3915	1969	1903	2048	2110	2081	1894	1672	1451	1259	1039	1899	1403	919	593	441	308	238	114	83	50	30	49	20	17	10	7	3	10	5	2	3	0	4	1	0	0	0	3	3	4	0	0	1	3	1	0	2	2
7/4/2024	11:42:39.72  PM	10.00	4.080	4.095	49.638	1.559	4.095	640.216	4.095	301.224	0.000	95.597	0.000	0.000	210	180	113	91	63	29	19	24	16	14	6	8	11	8	26	28	50	58	79	104	128	133	156	166	202	198	182	160	118	122	90	84	66	53	98	91	137	195	214	243	266	289	284	322	348	414	459	612	1370	3340	3999	1867	1913	2078	2179	2108	1872	1713	1444	1207	1100	1789	1348	967	661	464	282	199	143	72	50	45	19	25	12	5	8	4	4	4	3	1	2	1	1	2	1	0	1	0	1	0	1	1	2	2	0	0	1
7/4/2024	11:42:49.72  PM	10.00	4.061	4.095	49.621	1.555	4.095	640.159	4.095	301.269	0.000	95.601	0.000	0.000	176	135	124	50	36	27	25	17	16	10	13	9	10	8	19	28	56	72	81	103	100	120	147	156	162	171	132	117	91	64	55	72	40	61	67	94	136	187	206	261	265	251	306	303	349	405	469	653	1358	3457	4149	2004	1947	2085	2222	2109	1908	1721	1520	1304	1204	1931	1434	960	657	477	345	229	128	84	57	34	24	28	19	10	7	6	7	4	4	2	0	2	1	2	1	0	1	0	3	1	1	2	1	3	0	0	2
7/4/2024	11:42:59.72  PM	10.00	4.077	4.095	49.624	1.565	4.095	640.326	4.095	301.615	0.000	95.598	0.000	0.000	212	157	103	75	48	33	20	14	17	13	10	8	13	14	16	30	59	51	96	88	100	145	146	139	182	141	153	109	105	99	70	57	60	52	68	81	129	188	218	226	275	284	296	351	356	421	454	625	1290	3235	3901	1874	1910	2070	2191	2180	2009	1740	1577	1346	1161	2010	1459	1025	694	437	340	228	151	77	56	35	33	23	12	11	5	5	8	3	0	0	0	0	2	0	4	0	1	2	2	0	2	1	1	0	1	0	0
7/4/2024	11:43:09.72  PM	10.00	4.053	4.095	49.635	1.582	4.095	640.340	4.095	301.862	0.000	95.605	0.000	0.000	200	135	83	48	53	30	38	25	17	9	11	14	15	21	11	33	45	61	84	83	113	138	133	164	161	159	152	123	104	89	62	83	56	52	65	108	127	178	204	243	197	298	296	328	376	376	505	548	1216	3003	3753	1819	1790	2080	2100	2099	2083	1863	1642	1451	1173	2062	1545	1010	682	509	343	256	157	102	63	44	27	17	12	9	10	6	5	6	6	2	2	1	0	3	1	1	1	0	1	1	2	1	0	1	1	1	0
7/4/2024	11:43:19.72  PM	10.00	4.068	4.095	49.630	1.590	4.095	640.345	4.095	301.975	0.000	95.606	0.000	0.000	229	158	100	63	47	26	18	12	13	8	4	9	9	17	18	35	49	53	69	86	126	126	151	131	157	169	151	128	113	86	71	72	57	43	68	107	126	162	219	251	246	307	312	333	383	417	442	603	1166	2908	3592	1813	1837	2015	2095	2134	1958	1811	1579	1349	1278	2049	1549	1002	705	483	361	255	140	100	62	30	27	22	22	6	5	4	5	3	2	2	4	0	1	0	0	0	0	0	0	0	0	1	0	3	1	2	1
7/4/2024	11:43:29.72  PM	10.00	4.081	4.095	49.632	1.596	4.095	640.455	4.095	301.961	0.000	95.602	0.000	0.000	241	150	105	72	51	28	24	14	8	10	8	8	10	14	23	31	43	50	83	86	119	124	136	129	149	156	124	114	100	80	72	59	58	53	78	92	121	145	175	233	266	304	291	307	381	381	466	630	1390	3381	3994	1974	1989	2115	2086	2088	1956	1787	1498	1339	1154	1907	1481	1010	660	493	304	236	168	109	62	60	43	28	20	21	19	22	17	12	11	10	5	10	3	11	7	9	5	6	3	9	7	14	6	8	4	2	7
7/4/2024	11:43:39.72  PM	10.00	4.050	4.095	49.636	1.588	4.095	640.483	4.095	301.933	0.000	95.604	0.000	0.000	259	194	100	67	48	30	28	14	10	8	7	15	7	7	19	39	32	55	70	98	120	116	127	149	168	139	146	125	107	82	70	64	49	55	77	91	127	183	199	240	287	280	336	362	361	381	444	629	1383	3444	4218	1930	2021	2140	2147	2099	1964	1735	1455	1293	1060	1879	1436	934	676	497	343	213	115	79	66	34	28	24	14	11	13	4	6	6	6	3	2	0	3	2	1	2	0	0	3	2	0	1	0	0	4	2	0
