Date	Time	Accum.	Scatter	Current	Sample	Ref.	Temp.	Sheath	Diff.	Box	Purge	Pres.	Aux.	Flow	90.00	94.39	98.99	103.81	108.87	114.17	119.74	125.57	131.69	138.11	144.84	151.90	159.30	167.06	175.20	183.74	192.69	202.09	211.93	222.26	233.09	244.45	256.36	268.86	281.96	295.70	310.11	325.22	341.07	357.69	375.12	393.40	412.57	432.67	453.76	475.87	499.06	523.38	548.89	575.63	603.69	633.10	663.96	696.31	730.24	765.83	803.15	842.29	883.33	926.38	971.52	1018.87	1068.52	1120.59	1175.20	1232.46	1292.52	1355.51	1421.57	1490.84	1563.49	1639.68	1719.59	1803.38	1891.27	1983.43	2080.08	2181.45	2287.75	2399.24	2516.16	2638.77	2767.36	2902.22	3043.65	3191.97	3347.52	3510.65	3681.73	3861.14	4049.30	4246.63	4453.57	4670.60	4898.20	5136.90	5387.23	5649.75	5925.07	6213.81	6516.61	6834.18	7167.22	7516.48	7882.77	8266.91	8669.77	9092.25	9535.33
-	-	Secs	Volts	Volts	sccm	Volts	Volts	sccm	Volts	K	sccm	kPa	Volts	sccm	94.39	98.99	103.81	108.87	114.17	119.74	125.57	131.69	138.11	144.84	151.90	159.30	167.06	175.20	183.74	192.69	202.09	211.93	222.26	233.09	244.45	256.36	268.86	281.96	295.70	310.11	325.22	341.07	357.69	375.12	393.40	412.57	432.67	453.76	475.87	499.06	523.38	548.89	575.63	603.69	633.10	663.96	696.31	730.24	765.83	803.15	842.29	883.33	926.38	971.52	1018.87	1068.52	1120.59	1175.20	1232.46	1292.52	1355.51	1421.57	1490.84	1563.49	1639.68	1719.59	1803.38	1891.27	1983.43	2080.08	2181.45	2287.75	2399.24	2516.16	2638.77	2767.36	2902.22	3043.65	3191.97	3347.52	3510.65	3681.73	3861.14	4049.30	4246.63	4453.57	4670.60	4898.20	5136.90	5387.23	5649.75	5925.07	6213.81	6516.61	6834.18	7167.22	7516.48	7882.77	8266.91	8669.77	9092.25	9535.33	10000.00
7/5/2024	12:42:27.19  AM	10.00	4.083	4.095	49.623	1.593	4.095	638.503	4.095	303.153	0.000	95.685	0.000	0.000	199	151	77	65	30	19	21	13	18	8	5	12	8	11	12	28	33	50	48	86	106	113	108	135	155	184	137	138	136	104	82	66	39	34	66	98	136	205	300	411	497	518	500	498	570	648	672	606	868	1622	2262	1356	1519	1897	2136	2221	2250	2189	2114	1899	1693	2777	1901	1301	777	550	386	257	171	97	44	42	29	23	8	7	5	2	1	2	2	1	0	1	0	0	0	0	0	0	0	0	0	2	0	1	0	0	1
7/5/2024	12:42:37.19  AM	10.00	4.066	4.095	49.617	1.596	4.095	638.622	4.095	303.260	0.000	95.688	0.000	0.000	219	146	85	65	42	32	25	13	17	13	11	8	8	11	20	15	34	36	73	69	93	101	100	98	149	136	113	92	97	94	64	47	38	43	58	98	164	207	331	422	514	502	499	506	618	632	599	587	845	1597	2517	1484	1648	1964	2272	2421	2426	2342	2117	1922	1737	2880	2064	1309	809	557	384	276	159	86	39	30	32	14	19	12	8	10	6	4	2	2	4	2	1	1	0	2	1	1	1	4	2	3	1	3	3	2	1
7/5/2024	12:42:47.19  AM	10.00	4.084	4.095	49.638	1.601	4.095	638.622	4.095	303.368	0.000	95.688	0.000	0.000	202	154	107	60	38	29	24	15	19	11	4	9	13	14	18	24	29	43	72	72	91	106	105	97	147	140	113	120	101	81	74	48	30	34	57	92	166	241	326	449	493	545	502	566	589	684	682	571	830	1662	2261	1316	1579	1859	2114	2234	2316	2278	2110	1871	1720	2859	1991	1378	812	559	377	262	181	89	50	31	18	12	9	9	7	7	2	3	2	4	3	3	2	1	1	4	1	2	0	1	0	2	0	0	1	2	0
7/5/2024	12:42:57.19  AM	10.00	4.077	4.095	49.655	1.598	4.095	638.617	4.095	303.469	0.000	95.692	0.000	0.000	223	154	107	69	40	35	17	22	14	13	4	8	9	15	20	17	29	42	53	60	96	88	130	116	138	142	102	127	113	77	80	68	38	37	41	72	145	223	300	462	525	498	477	498	555	658	666	597	852	1657	2278	1400	1553	1856	2176	2245	2323	2214	2130	1935	1748	2889	2071	1274	821	585	420	295	165	103	65	40	27	28	23	15	12	16	6	10	11	10	9	7	1	5	6	6	4	5	4	4	3	2	1	2	5	2	1
7/5/2024	12:43:07.19  AM	10.00	4.083	4.095	49.631	1.589	4.095	638.632	4.095	303.503	0.000	95.694	0.000	0.000	212	161	106	57	50	28	28	19	14	9	11	7	4	9	18	18	32	38	52	75	90	106	121	121	143	150	124	137	114	91	72	63	44	34	49	88	161	229	281	381	492	519	511	524	592	676	666	604	873	1702	2351	1426	1563	1963	2123	2359	2386	2389	2266	2063	1814	3052	2309	1420	888	666	444	324	226	95	73	53	28	26	13	16	14	9	11	2	9	7	4	3	6	6	5	6	2	5	4	5	4	3	2	2	2	3	3
7/5/2024	12:43:17.19  AM	10.00	4.093	4.095	49.624	1.592	4.095	638.731	4.095	303.559	0.000	95.684	0.000	0.000	183	122	82	63	41	30	18	13	14	9	3	4	10	16	26	24	36	44	58	82	91	98	98	101	136	136	120	118	85	73	57	70	45	27	47	84	122	219	306	429	504	568	466	531	595	658	652	624	861	1778	2321	1406	1641	1954	2243	2422	2327	2395	2310	1988	1870	3052	2296	1424	973	599	459	316	179	98	75	42	19	18	11	2	2	3	3	2	0	2	0	0	3	0	1	2	0	0	0	0	0	0	1	0	0	0	0
7/5/2024	12:43:27.19  AM	10.00	4.080	4.095	49.608	1.590	4.095	638.717	4.095	303.629	0.000	95.693	0.000	0.000	250	167	114	61	40	20	33	17	12	9	5	7	8	8	19	19	27	46	55	79	82	107	109	115	150	133	153	111	96	86	73	55	27	33	61	70	127	216	290	405	487	553	452	543	627	663	686	609	897	1596	2153	1343	1541	1728	2104	2241	2319	2301	2205	2052	1823	2976	2330	1487	938	613	461	274	196	102	50	43	18	18	14	7	7	0	3	3	2	1	0	1	2	1	1	1	1	2	0	0	0	0	1	0	1	0	0
7/5/2024	12:43:37.19  AM	10.00	4.048	4.095	49.638	1.586	4.095	638.631	4.095	303.596	0.000	95.691	0.000	0.000	239	177	100	57	46	24	24	16	13	6	6	7	9	16	23	33	19	48	64	77	76	119	126	140	162	165	135	141	117	122	80	67	38	34	65	76	121	191	290	410	499	496	514	523	605	664	703	675	869	1637	2141	1246	1455	1785	1983	2114	2262	2320	2284	1968	1765	2876	2199	1404	847	591	415	263	164	99	59	40	24	12	12	7	6	2	0	0	3	0	0	1	1	1	1	0	1	0	0	1	1	0	0	0	1	0	0
7/5/2024	12:43:47.19  AM	10.00	4.061	4.095	49.630	1.577	4.095	638.822	4.095	303.401	0.000	95.691	0.000	0.000	210	158	91	51	37	27	16	13	17	5	11	9	10	10	24	22	33	47	63	65	88	91	119	84	120	155	116	123	84	95	69	52	45	34	56	94	149	212	305	454	496	506	522	575	591	707	665	623	873	1592	2207	1366	1551	1804	2178	2352	2337	2388	2165	1989	1823	3056	2210	1398	912	588	398	277	216	97	46	45	27	15	5	1	5	5	2	2	0	3	0	0	1	0	0	1	0	1	0	0	0	1	3	1	0	1	0
7/5/2024	12:43:57.19  AM	10.00	4.089	4.095	49.637	1.575	4.095	638.703	4.095	303.212	0.000	95.686	0.000	0.000	203	154	107	78	42	42	25	12	19	7	9	3	12	8	18	16	28	27	49	81	76	84	105	117	121	112	136	102	94	83	64	54	45	33	43	85	144	275	340	486	541	570	535	597	659	767	729	642	831	1633	2229	1306	1462	1890	2137	2217	2317	2296	2265	1979	1764	2999	2159	1454	864	573	427	279	169	99	50	36	26	13	5	10	4	2	0	3	2	2	1	1	1	1	0	0	0	0	0	2	0	0	1	1	0	0	1
7/5/2024	12:44:07.19  AM	10.00	4.095	4.095	49.640	1.573	4.095	638.855	4.095	303.085	0.000	95.684	0.000	0.000	209	154	102	68	48	29	35	19	14	11	10	8	5	22	15	22	33	41	51	72	82	92	91	93	134	133	124	79	103	67	65	45	41	45	62	80	136	218	334	450	505	518	501	527	570	719	707	606	880	1643	2240	1337	1523	1887	2204	2296	2358	2348	2265	2098	1819	3018	2215	1397	886	661	445	284	215	100	61	36	26	18	13	4	2	4	4	0	1	1	1	1	1	0	0	1	1	1	0	0	1	0	0	1	0	0	0
