Date	Time	Accum.	Scatter	Current	Sample	Ref.	Temp.	Sheath	Diff.	Box	Purge	Pres.	Aux.	Flow	90.00	94.39	98.99	103.81	108.87	114.17	119.74	125.57	131.69	138.11	144.84	151.90	159.30	167.06	175.20	183.74	192.69	202.09	211.93	222.26	233.09	244.45	256.36	268.86	281.96	295.70	310.11	325.22	341.07	357.69	375.12	393.40	412.57	432.67	453.76	475.87	499.06	523.38	548.89	575.63	603.69	633.10	663.96	696.31	730.24	765.83	803.15	842.29	883.33	926.38	971.52	1018.87	1068.52	1120.59	1175.20	1232.46	1292.52	1355.51	1421.57	1490.84	1563.49	1639.68	1719.59	1803.38	1891.27	1983.43	2080.08	2181.45	2287.75	2399.24	2516.16	2638.77	2767.36	2902.22	3043.65	3191.97	3347.52	3510.65	3681.73	3861.14	4049.30	4246.63	4453.57	4670.60	4898.20	5136.90	5387.23	5649.75	5925.07	6213.81	6516.61	6834.18	7167.22	7516.48	7882.77	8266.91	8669.77	9092.25	9535.33
-	-	Secs	Volts	Volts	sccm	Volts	Volts	sccm	Volts	K	sccm	kPa	Volts	sccm	94.39	98.99	103.81	108.87	114.17	119.74	125.57	131.69	138.11	144.84	151.90	159.30	167.06	175.20	183.74	192.69	202.09	211.93	222.26	233.09	244.45	256.36	268.86	281.96	295.70	310.11	325.22	341.07	357.69	375.12	393.40	412.57	432.67	453.76	475.87	499.06	523.38	548.89	575.63	603.69	633.10	663.96	696.31	730.24	765.83	803.15	842.29	883.33	926.38	971.52	1018.87	1068.52	1120.59	1175.20	1232.46	1292.52	1355.51	1421.57	1490.84	1563.49	1639.68	1719.59	1803.38	1891.27	1983.43	2080.08	2181.45	2287.75	2399.24	2516.16	2638.77	2767.36	2902.22	3043.65	3191.97	3347.52	3510.65	3681.73	3861.14	4049.30	4246.63	4453.57	4670.60	4898.20	5136.90	5387.23	5649.75	5925.07	6213.81	6516.61	6834.18	7167.22	7516.48	7882.77	8266.91	8669.77	9092.25	9535.33	10000.00
7/4/2024	10:03:36.81  PM	10.00	0.417	4.054	49.138	1.567	4.054	620.037	4.054	299.916	0.000	94.537	0.000	0.000	265	423	218	53	26	14	6	7	3	2	3	5	5	9	7	6	3	0	2	3	3	4	3	1	2	0	1	2	0	2	1	1	0	2	0	0	1	1	0	1	0	2	2	6	3	3	4	0	2	0	2	0	0	0	0	0	0	0	0	0	0	0	0	0	0	0	0	0	0	0	0	0	0	0	0	0	0	0	0	0	0	0	0	0	0	0	0	0	0	0	0	0	0	0	0	0	0	0	0
7/4/2024	10:03:46.81  PM	10.00	0.410	4.095	49.625	1.583	4.095	626.011	4.095	302.977	0.000	95.494	0.000	0.000	229	384	231	45	21	8	5	0	4	3	6	8	8	4	2	3	5	3	2	2	1	0	2	1	0	0	0	1	0	0	1	0	0	0	0	0	0	0	0	0	0	0	0	0	0	0	0	0	0	0	0	0	0	0	0	0	0	0	0	0	0	0	0	0	0	0	0	0	0	0	0	0	0	0	0	0	0	0	0	0	0	0	0	0	0	0	0	0	0	0	0	0	0	0	0	0	0	0	0
7/4/2024	10:03:56.81  PM	10.00	0.413	4.095	49.639	1.579	4.095	625.959	4.095	302.942	0.000	95.494	0.000	0.000	217	374	222	48	20	10	8	0	1	3	3	1	2	3	3	2	3	3	0	5	0	3	2	3	0	0	0	0	0	0	0	0	0	0	0	1	0	0	0	0	0	0	0	1	1	0	0	0	0	0	0	0	0	0	0	0	0	0	0	0	0	0	0	0	0	0	0	0	0	0	0	0	0	0	0	0	0	0	0	0	0	0	0	0	0	0	0	0	0	0	0	0	0	0	0	0	0	0	0
7/4/2024	10:04:06.81  PM	10.00	0.407	4.095	49.632	1.581	4.095	625.870	4.095	302.916	0.000	95.496	0.000	0.000	187	337	217	53	16	16	5	5	3	9	2	4	9	1	2	1	3	2	2	0	1	1	2	2	0	0	0	0	0	0	0	0	0	0	0	0	0	0	0	0	0	0	0	0	0	0	0	0	0	0	0	0	1	0	0	0	0	0	0	0	0	0	0	0	0	0	0	0	0	0	0	0	0	0	0	0	0	0	0	0	0	0	0	0	0	0	0	0	0	0	0	0	0	0	0	0	0	0	0
7/4/2024	10:04:16.81  PM	10.00	0.408	4.095	49.627	1.586	4.095	625.799	4.095	302.857	0.000	95.493	0.000	0.000	157	313	226	64	28	15	8	2	1	5	2	6	7	2	7	3	2	3	1	1	0	1	0	2	1	1	1	1	0	0	0	0	0	0	0	0	0	0	0	0	0	0	0	0	0	0	0	0	0	0	0	0	0	0	0	0	0	0	0	0	0	0	0	0	0	0	0	0	0	0	0	0	0	0	0	0	0	0	0	0	0	0	0	0	0	0	0	0	0	0	0	0	0	0	0	0	0	0	0
7/4/2024	10:04:26.81  PM	10.00	0.406	4.095	49.627	1.587	4.095	625.771	4.095	302.807	0.000	95.489	0.000	0.000	184	406	225	62	23	12	12	2	2	3	5	5	3	6	6	8	5	4	2	4	1	0	1	1	2	0	0	0	0	0	0	0	0	0	0	0	0	0	0	0	0	0	0	0	0	0	0	0	0	0	0	0	0	0	0	0	0	0	0	0	0	0	1	0	0	0	0	0	0	0	0	0	0	0	0	0	0	0	0	0	0	0	0	0	0	0	0	0	0	0	0	0	0	0	0	0	0	0	0
7/4/2024	10:04:36.81  PM	10.00	0.406	4.095	49.643	1.589	4.095	625.780	4.095	302.802	0.000	95.495	0.000	0.000	174	380	250	62	19	13	2	5	3	4	5	6	6	1	6	3	3	2	3	0	1	3	0	2	0	0	0	0	0	0	0	1	0	0	1	1	0	0	0	0	0	0	0	0	0	0	0	0	0	0	0	0	0	0	0	0	0	0	0	0	0	0	0	0	0	0	0	0	0	0	0	0	0	0	0	0	0	0	0	0	0	0	0	0	0	0	0	0	0	0	0	0	0	0	0	0	0	0	0
7/4/2024	10:04:46.81  PM	10.00	0.407	4.095	49.617	1.592	4.095	625.941	4.095	302.809	0.000	95.494	0.000	0.000	195	368	226	51	19	10	4	8	2	7	4	3	1	3	5	3	6	2	4	1	1	3	2	0	2	0	1	0	0	0	0	0	0	0	0	0	0	0	0	0	0	0	0	0	0	0	0	0	0	0	0	0	0	0	0	0	0	0	0	0	0	0	0	0	0	0	0	0	0	0	0	0	0	0	0	0	0	0	0	0	0	0	0	0	0	0	0	0	0	0	0	0	0	0	0	0	0	0	0
7/4/2024	10:04:56.81  PM	10.00	0.407	4.095	49.636	1.595	4.095	625.761	4.095	302.772	0.000	95.495	0.000	0.000	176	440	232	69	19	16	4	4	3	4	4	6	1	7	4	3	4	5	2	2	2	1	2	0	0	1	0	0	0	0	0	0	1	0	0	0	0	0	0	0	0	0	0	0	0	0	0	0	0	0	0	0	0	0	0	0	0	0	0	0	0	0	0	0	0	0	0	0	0	0	0	0	0	0	0	0	0	0	0	0	0	0	0	0	0	0	0	0	0	0	0	0	0	0	0	0	0	0	0
7/4/2024	10:05:06.81  PM	10.00	0.408	4.095	49.630	1.597	4.095	625.912	4.095	302.909	0.000	95.496	0.000	0.000	172	361	240	60	14	20	6	3	2	4	2	2	8	5	6	4	4	1	3	2	2	1	0	0	0	0	1	0	0	0	1	0	0	0	0	0	0	0	0	0	0	0	0	0	0	0	0	0	0	0	0	0	0	0	0	0	0	0	0	0	0	0	0	0	0	0	0	0	0	0	0	0	0	0	0	0	0	0	0	0	0	0	0	0	0	0	0	0	0	0	0	0	0	0	0	0	0	0	0
7/4/2024	10:05:16.81  PM	10.00	0.407	4.095	49.644	1.598	4.095	625.780	4.095	303.090	0.000	95.490	0.000	0.000	173	375	238	59	26	10	6	3	3	5	8	2	5	2	3	1	5	1	2	1	2	1	3	1	2	0	0	0	0	0	0	0	0	0	0	0	0	0	0	0	0	0	0	1	0	0	0	0	0	0	0	0	0	0	0	0	0	0	0	0	0	0	0	0	0	0	0	0	0	0	0	0	0	0	0	0	0	0	0	0	0	0	0	0	0	0	0	0	0	0	0	0	0	0	0	0	0	0	0
