Date	Time	Accum.	Scatter	Current	Sample	Ref.	Temp.	Sheath	Diff.	Box	Purge	Pres.	Aux.	Flow	90.00	94.39	98.99	103.81	108.87	114.17	119.74	125.57	131.69	138.11	144.84	151.90	159.30	167.06	175.20	183.74	192.69	202.09	211.93	222.26	233.09	244.45	256.36	268.86	281.96	295.70	310.11	325.22	341.07	357.69	375.12	393.40	412.57	432.67	453.76	475.87	499.06	523.38	548.89	575.63	603.69	633.10	663.96	696.31	730.24	765.83	803.15	842.29	883.33	926.38	971.52	1018.87	1068.52	1120.59	1175.20	1232.46	1292.52	1355.51	1421.57	1490.84	1563.49	1639.68	1719.59	1803.38	1891.27	1983.43	2080.08	2181.45	2287.75	2399.24	2516.16	2638.77	2767.36	2902.22	3043.65	3191.97	3347.52	3510.65	3681.73	3861.14	4049.30	4246.63	4453.57	4670.60	4898.20	5136.90	5387.23	5649.75	5925.07	6213.81	6516.61	6834.18	7167.22	7516.48	7882.77	8266.91	8669.77	9092.25	9535.33
-	-	Secs	Volts	Volts	sccm	Volts	Volts	sccm	Volts	K	sccm	kPa	Volts	sccm	94.39	98.99	103.81	108.87	114.17	119.74	125.57	131.69	138.11	144.84	151.90	159.30	167.06	175.20	183.74	192.69	202.09	211.93	222.26	233.09	244.45	256.36	268.86	281.96	295.70	310.11	325.22	341.07	357.69	375.12	393.40	412.57	432.67	453.76	475.87	499.06	523.38	548.89	575.63	603.69	633.10	663.96	696.31	730.24	765.83	803.15	842.29	883.33	926.38	971.52	1018.87	1068.52	1120.59	1175.20	1232.46	1292.52	1355.51	1421.57	1490.84	1563.49	1639.68	1719.59	1803.38	1891.27	1983.43	2080.08	2181.45	2287.75	2399.24	2516.16	2638.77	2767.36	2902.22	3043.65	3191.97	3347.52	3510.65	3681.73	3861.14	4049.30	4246.63	4453.57	4670.60	4898.20	5136.90	5387.23	5649.75	5925.07	6213.81	6516.61	6834.18	7167.22	7516.48	7882.77	8266.91	8669.77	9092.25	9535.33	10000.00
7/4/2024	05:23:28.40  PM	10.00	0.426	4.095	49.644	1.673	4.095	634.960	4.095	303.225	0.000	95.311	0.000	0.000	4	1	0	1	0	0	0	0	0	0	0	0	0	0	0	0	0	0	0	0	0	1	1	0	1	0	0	0	0	0	0	0	0	0	0	0	0	0	0	0	0	0	0	0	0	0	0	0	0	0	0	0	0	0	0	0	0	0	0	0	0	0	0	0	0	0	0	0	0	0	0	0	0	0	0	0	0	0	0	0	0	0	0	0	0	0	0	0	0	0	0	0	0	0	0	0	0	0	0
7/4/2024	05:23:38.40  PM	10.00	0.426	4.095	49.619	1.674	4.095	634.489	4.095	303.288	0.000	95.311	0.000	0.000	0	0	0	0	0	0	0	0	0	0	0	0	0	0	0	0	0	0	0	0	0	0	0	0	0	0	0	0	0	0	0	0	0	0	0	0	0	0	0	0	0	0	0	0	0	0	0	0	0	0	0	0	0	0	0	0	0	0	0	0	0	0	0	0	0	0	0	0	0	0	0	0	0	0	0	0	0	0	0	0	0	0	0	0	0	0	0	0	0	0	0	0	0	0	0	0	0	0	0
7/4/2024	05:23:48.40  PM	10.00	0.427	4.095	49.638	1.674	4.095	634.565	4.095	303.208	0.000	95.309	0.000	0.000	0	0	1	0	0	0	0	0	0	0	0	0	0	0	0	0	0	0	0	0	0	0	0	0	0	0	0	0	0	0	0	0	0	0	0	0	0	0	0	0	0	0	0	0	0	0	0	0	0	0	0	0	0	0	0	0	0	0	0	0	0	0	0	0	0	0	0	0	0	0	0	0	0	0	0	0	0	0	0	0	0	0	0	0	0	0	0	0	0	0	0	0	0	0	0	0	0	0	0
7/4/2024	05:23:58.40  PM	10.00	0.427	4.095	49.626	1.675	4.095	634.389	4.095	303.259	0.000	95.313	0.000	0.000	0	0	0	0	0	0	0	0	0	0	0	0	0	0	0	0	0	0	0	0	0	0	0	0	0	0	0	0	0	0	0	0	0	0	0	0	0	0	0	0	0	0	0	0	0	0	0	0	0	0	0	0	0	0	0	0	0	0	0	0	0	0	0	0	0	0	0	0	0	0	0	0	0	0	0	0	0	0	0	0	0	0	0	0	0	0	0	0	0	0	0	0	0	0	0	0	0	0	0
7/4/2024	05:24:08.40  PM	10.00	0.426	4.095	49.615	1.676	4.095	634.285	4.095	303.363	0.000	95.311	0.000	0.000	0	0	0	0	0	0	0	0	0	0	0	0	0	0	0	0	0	0	0	0	0	0	0	0	0	0	0	0	0	0	0	0	0	0	0	0	0	0	0	0	0	0	0	0	0	0	0	0	0	0	0	0	0	0	0	0	0	0	0	0	0	0	0	0	0	0	0	0	0	0	0	0	0	0	0	0	0	0	0	0	0	0	0	0	0	0	0	0	0	0	0	0	0	0	0	0	0	0	0
7/4/2024	05:24:18.40  PM	10.00	0.426	4.095	49.628	1.675	4.095	634.332	4.095	303.411	0.000	95.309	0.000	0.000	0	0	0	0	0	0	0	0	0	0	0	0	1	0	0	1	0	0	0	0	0	0	0	0	0	0	0	1	0	0	0	0	0	0	0	0	0	0	0	0	0	0	0	0	0	0	0	0	0	0	0	0	0	0	0	0	0	0	0	0	0	0	0	0	0	0	0	0	0	0	0	0	0	0	0	0	0	0	0	0	0	0	0	0	0	0	0	0	0	0	0	0	0	0	0	0	0	0	0
7/4/2024	05:24:28.40  PM	10.00	0.426	4.095	49.616	1.675	4.095	634.299	4.095	303.272	0.000	95.307	0.000	0.000	0	0	0	0	0	0	0	0	0	0	0	0	0	0	0	0	0	0	0	0	0	0	0	0	0	0	0	0	0	0	0	0	0	0	0	0	0	0	0	0	0	0	0	0	0	0	0	0	0	0	0	0	0	0	0	0	0	0	0	0	0	0	0	0	0	0	0	0	0	0	0	0	0	0	0	0	0	0	0	0	0	0	0	0	0	0	0	0	0	0	0	0	0	0	0	0	0	0	0
7/4/2024	05:24:38.40  PM	10.00	0.426	4.095	49.620	1.674	4.095	634.280	4.095	303.161	0.000	95.313	0.000	0.000	0	0	0	0	0	0	1	0	0	0	0	0	0	0	0	0	0	0	0	0	0	0	0	0	0	0	0	0	0	0	0	0	0	0	0	0	0	0	0	0	0	0	0	0	0	0	0	0	0	0	0	0	0	0	0	0	0	0	0	0	0	0	0	0	0	0	0	0	0	0	0	0	0	0	0	0	0	0	0	0	0	0	0	0	0	0	0	0	0	0	0	0	0	0	0	0	0	0	0
7/4/2024	05:24:48.40  PM	10.00	0.426	4.095	49.632	1.675	4.095	634.214	4.095	303.116	0.000	95.316	0.000	0.000	0	0	0	0	0	0	0	0	0	0	0	0	0	0	0	0	0	1	0	0	0	0	0	0	1	0	0	0	0	0	0	0	0	0	0	0	0	0	0	0	0	0	0	0	0	0	0	0	0	0	0	0	0	0	0	0	0	0	0	0	0	0	0	0	0	0	0	0	0	0	0	0	0	0	0	0	0	0	0	0	0	0	0	0	0	0	0	0	0	0	0	0	0	0	0	0	0	0	0
7/4/2024	05:24:58.40  PM	10.00	0.425	4.095	49.632	1.673	4.095	634.185	4.095	303.064	0.000	95.315	0.000	0.000	0	0	0	0	0	0	0	0	0	0	0	0	0	0	0	0	0	0	0	0	0	0	0	0	0	0	0	0	0	0	0	0	0	0	0	0	0	0	0	0	0	0	0	0	0	0	0	0	0	0	0	0	0	0	0	0	0	0	0	0	0	0	0	0	0	0	0	0	0	0	0	0	0	0	0	0	0	0	0	0	0	0	0	0	0	0	0	0	0	0	0	0	0	0	0	0	0	0	0
7/4/2024	05:25:08.40  PM	10.00	0.424	4.095	49.624	1.670	4.095	634.408	4.095	303.041	0.000	95.311	0.000	0.000	1	0	0	0	0	0	0	0	0	0	0	0	0	0	0	0	0	0	0	0	0	0	0	0	0	0	0	0	0	0	0	0	0	0	0	0	0	0	0	0	0	0	0	0	0	0	0	0	0	0	0	0	0	0	0	0	0	0	0	0	0	0	0	0	0	0	0	0	0	0	0	0	0	0	0	0	0	0	0	0	0	0	0	0	0	0	0	0	0	0	0	0	0	0	0	0	0	0	0
