Date	Time	Accum.	Scatter	Current	Sample	Ref.	Temp.	Sheath	Diff.	Box	Purge	Pres.	Aux.	Flow	90.00	94.39	98.99	103.81	108.87	114.17	119.74	125.57	131.69	138.11	144.84	151.90	159.30	167.06	175.20	183.74	192.69	202.09	211.93	222.26	233.09	244.45	256.36	268.86	281.96	295.70	310.11	325.22	341.07	357.69	375.12	393.40	412.57	432.67	453.76	475.87	499.06	523.38	548.89	575.63	603.69	633.10	663.96	696.31	730.24	765.83	803.15	842.29	883.33	926.38	971.52	1018.87	1068.52	1120.59	1175.20	1232.46	1292.52	1355.51	1421.57	1490.84	1563.49	1639.68	1719.59	1803.38	1891.27	1983.43	2080.08	2181.45	2287.75	2399.24	2516.16	2638.77	2767.36	2902.22	3043.65	3191.97	3347.52	3510.65	3681.73	3861.14	4049.30	4246.63	4453.57	4670.60	4898.20	5136.90	5387.23	5649.75	5925.07	6213.81	6516.61	6834.18	7167.22	7516.48	7882.77	8266.91	8669.77	9092.25	9535.33
-	-	Secs	Volts	Volts	sccm	Volts	Volts	sccm	Volts	K	sccm	kPa	Volts	sccm	94.39	98.99	103.81	108.87	114.17	119.74	125.57	131.69	138.11	144.84	151.90	159.30	167.06	175.20	183.74	192.69	202.09	211.93	222.26	233.09	244.45	256.36	268.86	281.96	295.70	310.11	325.22	341.07	357.69	375.12	393.40	412.57	432.67	453.76	475.87	499.06	523.38	548.89	575.63	603.69	633.10	663.96	696.31	730.24	765.83	803.15	842.29	883.33	926.38	971.52	1018.87	1068.52	1120.59	1175.20	1232.46	1292.52	1355.51	1421.57	1490.84	1563.49	1639.68	1719.59	1803.38	1891.27	1983.43	2080.08	2181.45	2287.75	2399.24	2516.16	2638.77	2767.36	2902.22	3043.65	3191.97	3347.52	3510.65	3681.73	3861.14	4049.30	4246.63	4453.57	4670.60	4898.20	5136.90	5387.23	5649.75	5925.07	6213.81	6516.61	6834.18	7167.22	7516.48	7882.77	8266.91	8669.77	9092.25	9535.33	10000.00
7/4/2024	10:47:09.16  PM	10.00	4.080	4.095	49.644	1.592	4.095	629.689	4.095	303.422	0.000	95.555	0.000	0.000	273	153	147	71	46	35	34	25	14	21	16	13	20	34	39	45	83	76	111	166	173	218	198	230	295	283	244	199	180	184	150	143	106	73	74	83	77	90	105	127	131	187	231	403	675	1309	1931	2608	4641	7204	5026	1582	1237	1136	983	842	726	645	513	421	436	730	622	456	321	261	189	131	95	75	66	44	27	17	8	16	9	4	9	3	2	1	1	0	0	1	0	2	0	1	1	0	1	1	0	1	0	1	0
7/4/2024	10:47:19.16  PM	10.00	4.069	4.095	49.624	1.594	4.095	629.717	4.095	303.356	0.000	95.550	0.000	0.000	293	199	142	88	46	53	38	24	28	24	12	18	18	30	33	48	61	100	103	153	177	218	214	234	299	285	278	216	202	192	163	153	90	65	82	95	94	91	124	128	121	171	226	376	606	1043	1711	2603	4572	7183	5108	1631	1298	1165	1060	894	747	693	560	523	429	765	603	458	325	269	154	125	88	73	50	51	29	14	14	9	6	6	6	3	3	0	1	0	0	0	0	2	3	1	2	1	1	1	1	1	0	1	0
7/4/2024	10:47:29.16  PM	10.00	4.058	4.095	49.630	1.591	4.095	630.044	4.095	303.394	0.000	95.556	0.000	0.000	237	145	104	75	40	29	27	21	27	21	10	16	21	34	30	61	79	99	99	156	167	203	206	245	311	293	236	220	203	166	139	145	90	70	97	94	105	118	129	138	150	180	242	352	640	1103	1833	2626	4593	7205	5143	1587	1277	1125	981	884	745	660	541	441	458	728	606	440	317	265	171	130	102	80	44	45	32	24	20	13	8	8	4	6	3	3	1	0	5	1	2	2	3	1	2	0	0	4	1	3	0	1	0
7/4/2024	10:47:39.16  PM	10.00	4.066	4.095	49.616	1.593	4.095	629.831	4.095	303.484	0.000	95.556	0.000	0.000	253	206	126	91	44	43	36	20	25	11	5	10	21	32	40	53	73	99	138	142	189	206	223	229	282	298	255	223	191	157	159	132	96	69	82	104	85	99	110	134	148	183	240	364	629	1066	1731	2553	4418	7110	5032	1576	1267	1098	979	861	725	636	525	478	412	746	604	414	346	260	179	135	104	100	51	30	29	27	18	5	6	7	5	3	1	4	0	0	0	1	0	1	0	0	0	0	0	1	0	0	2	1	1
7/4/2024	10:47:49.16  PM	10.00	4.085	4.095	49.635	1.595	4.095	629.722	4.095	303.752	0.000	95.556	0.000	0.000	229	181	111	89	60	44	24	22	25	26	12	18	23	29	32	62	69	96	130	161	185	191	214	223	267	256	243	216	205	176	135	139	108	73	70	81	79	95	99	132	133	172	213	377	648	1129	1804	2679	4614	7188	4879	1468	1291	1093	948	830	713	652	579	442	423	787	552	439	330	238	171	138	113	83	57	38	31	19	12	12	10	5	0	3	2	2	1	1	0	0	0	0	0	0	0	2	1	1	1	0	1	2	0
7/4/2024	10:47:59.16  PM	10.00	4.031	4.095	49.627	1.593	4.095	629.731	4.095	303.905	0.000	95.550	0.000	0.000	222	173	119	74	52	31	23	24	27	15	11	19	13	28	27	40	80	88	132	144	170	202	206	229	275	273	259	167	158	145	138	136	97	76	64	81	88	110	115	124	129	168	246	390	644	1215	1875	2782	4714	7404	5015	1554	1281	1069	981	882	766	610	532	470	418	722	592	421	328	226	185	127	112	70	61	36	31	18	19	13	8	7	0	1	1	2	1	2	0	0	2	1	0	1	1	0	0	0	0	0	0	0	0
7/4/2024	10:48:09.16  PM	10.00	4.080	4.095	49.625	1.591	4.095	629.987	4.095	303.846	0.000	95.560	0.000	0.000	260	170	124	87	56	31	30	20	20	17	8	23	18	19	42	52	83	95	120	144	182	175	194	197	292	256	217	195	175	144	160	142	85	85	79	92	105	129	124	117	135	197	288	396	667	1095	1812	2518	4616	7207	5042	1600	1276	1080	962	860	710	640	545	437	436	814	623	486	318	249	164	137	97	69	48	32	27	14	12	16	5	3	2	4	1	0	0	0	1	0	0	0	1	0	1	1	0	0	1	0	0	1	0
7/4/2024	10:48:19.16  PM	10.00	4.079	4.095	49.635	1.586	4.095	629.613	4.095	303.717	0.000	95.558	0.000	0.000	280	228	142	77	78	36	51	31	32	15	7	12	24	24	33	46	75	89	116	134	168	196	201	233	297	250	227	199	176	148	131	134	105	75	77	98	107	97	112	119	137	176	228	339	615	1148	1774	2486	4548	7038	5033	1534	1209	1110	938	877	754	655	523	477	407	729	625	463	342	239	179	134	112	65	63	34	34	23	10	12	7	2	2	1	1	1	1	2	2	0	0	1	1	1	0	0	1	0	1	1	0	0	0
7/4/2024	10:48:29.16  PM	10.00	4.073	4.095	49.615	1.587	4.095	629.509	4.095	303.670	0.000	95.557	0.000	0.000	267	191	126	100	65	41	28	24	22	18	8	12	16	30	36	54	72	89	117	156	178	165	212	217	277	269	243	210	172	141	158	146	96	81	72	88	94	88	124	132	151	160	228	389	655	1163	1864	2743	4661	7048	4961	1617	1205	1075	972	824	711	636	526	493	368	741	549	460	312	223	172	122	98	69	58	44	24	16	10	8	8	1	0	3	2	3	1	1	1	0	0	1	1	1	0	1	1	0	1	1	0	1	0
7/4/2024	10:48:39.16  PM	10.00	4.085	4.095	49.634	1.587	4.095	630.404	4.095	303.557	0.000	95.559	0.000	0.000	187	156	120	74	54	32	41	32	19	19	24	10	20	25	34	52	74	78	120	181	184	186	230	223	242	298	244	196	186	160	129	138	83	64	95	90	116	102	112	120	126	173	292	402	655	1212	1877	2687	4645	7045	4810	1412	1204	977	972	800	679	597	499	458	416	752	569	409	324	245	162	133	111	67	54	34	34	23	12	14	13	1	3	3	0	1	2	1	1	1	0	1	0	0	1	0	0	0	1	0	0	0	0
7/4/2024	10:48:49.16  PM	10.00	4.087	4.095	49.635	1.586	4.095	630.669	4.095	303.417	0.000	95.556	0.000	0.000	242	180	124	80	55	38	23	25	17	17	13	14	23	35	51	41	76	94	114	154	172	199	184	243	277	292	223	196	167	139	142	130	92	80	80	84	101	101	109	124	143	197	237	414	700	1289	1913	2589	4678	7078	4827	1519	1246	1048	970	789	746	598	518	429	448	676	539	472	283	211	212	112	95	57	42	36	28	22	14	7	9	3	1	0	2	2	2	1	0	2	0	1	1	1	2	1	1	1	0	1	0	0	1
