Date	Time	Accum.	Scatter	Current	Sample	Ref.	Temp.	Sheath	Diff.	Box	Purge	Pres.	Aux.	Flow	90.00	94.39	98.99	103.81	108.87	114.17	119.74	125.57	131.69	138.11	144.84	151.90	159.30	167.06	175.20	183.74	192.69	202.09	211.93	222.26	233.09	244.45	256.36	268.86	281.96	295.70	310.11	325.22	341.07	357.69	375.12	393.40	412.57	432.67	453.76	475.87	499.06	523.38	548.89	575.63	603.69	633.10	663.96	696.31	730.24	765.83	803.15	842.29	883.33	926.38	971.52	1018.87	1068.52	1120.59	1175.20	1232.46	1292.52	1355.51	1421.57	1490.84	1563.49	1639.68	1719.59	1803.38	1891.27	1983.43	2080.08	2181.45	2287.75	2399.24	2516.16	2638.77	2767.36	2902.22	3043.65	3191.97	3347.52	3510.65	3681.73	3861.14	4049.30	4246.63	4453.57	4670.60	4898.20	5136.90	5387.23	5649.75	5925.07	6213.81	6516.61	6834.18	7167.22	7516.48	7882.77	8266.91	8669.77	9092.25	9535.33
-	-	Secs	Volts	Volts	sccm	Volts	Volts	sccm	Volts	K	sccm	kPa	Volts	sccm	94.39	98.99	103.81	108.87	114.17	119.74	125.57	131.69	138.11	144.84	151.90	159.30	167.06	175.20	183.74	192.69	202.09	211.93	222.26	233.09	244.45	256.36	268.86	281.96	295.70	310.11	325.22	341.07	357.69	375.12	393.40	412.57	432.67	453.76	475.87	499.06	523.38	548.89	575.63	603.69	633.10	663.96	696.31	730.24	765.83	803.15	842.29	883.33	926.38	971.52	1018.87	1068.52	1120.59	1175.20	1232.46	1292.52	1355.51	1421.57	1490.84	1563.49	1639.68	1719.59	1803.38	1891.27	1983.43	2080.08	2181.45	2287.75	2399.24	2516.16	2638.77	2767.36	2902.22	3043.65	3191.97	3347.52	3510.65	3681.73	3861.14	4049.30	4246.63	4453.57	4670.60	4898.20	5136.90	5387.23	5649.75	5925.07	6213.81	6516.61	6834.18	7167.22	7516.48	7882.77	8266.91	8669.77	9092.25	9535.33	10000.00
7/4/2024	11:52:53.33  PM	10.00	3.984	4.054	49.144	1.536	4.054	629.164	4.054	298.686	0.000	94.651	0.000	0.000	261	206	119	85	66	33	19	24	18	8	5	8	8	15	18	33	37	58	81	117	128	135	147	149	159	160	130	138	108	80	56	58	47	39	65	92	140	159	193	241	248	255	310	303	344	376	474	700	1435	3345	3649	1762	1809	1870	1826	1711	1653	1368	1236	1078	919	1569	1213	751	546	350	270	140	87	44	47	36	27	10	11	5	2	3	0	3	1	1	2	2	2	3	0	1	0	0	1	1	1	1	1	0	0	0	0
7/4/2024	11:53:03.33  PM	10.00	4.054	4.095	49.625	1.571	4.095	635.354	4.095	301.650	0.000	95.614	0.000	0.000	236	175	124	65	41	38	20	17	10	5	7	15	4	18	19	25	44	57	81	101	127	140	153	122	163	137	128	102	89	84	55	69	57	47	75	100	119	147	151	210	243	250	258	272	305	374	498	647	1451	3347	3744	1781	1781	1875	1886	1828	1679	1506	1249	1079	955	1704	1222	816	564	410	300	159	99	72	36	32	15	17	10	10	7	4	1	5	3	3	1	4	1	0	1	0	1	0	1	2	0	1	3	1	1	1	0
7/4/2024	11:53:13.33  PM	10.00	4.045	4.095	49.609	1.580	4.095	635.235	4.095	301.799	0.000	95.610	0.000	0.000	275	191	149	70	58	35	24	19	12	3	5	5	11	16	16	26	29	60	86	106	124	133	140	158	159	177	148	111	91	68	69	67	41	39	50	88	107	133	163	177	231	235	252	296	296	382	444	697	1553	3501	3863	1728	1803	1957	1827	1833	1728	1497	1347	1131	1054	1749	1212	848	565	442	266	187	116	66	51	21	20	18	14	14	8	7	10	4	4	6	9	6	6	4	5	3	5	6	1	5	7	3	5	5	3	7	0
7/4/2024	11:53:23.33  PM	10.00	4.057	4.095	49.631	1.595	4.095	635.311	4.095	301.483	0.000	95.613	0.000	0.000	258	148	126	64	42	27	15	15	10	10	2	6	3	17	13	32	45	51	68	83	117	129	139	130	177	164	126	121	103	82	69	55	43	43	63	66	97	146	165	177	205	247	256	263	285	339	472	678	1569	3521	3962	1728	1816	1885	1917	1850	1725	1528	1331	1082	969	1702	1261	825	555	407	244	170	97	58	41	21	13	15	10	1	8	4	2	0	0	1	0	0	2	1	2	0	2	0	0	0	2	2	1	1	2	3	1
7/4/2024	11:53:33.33  PM	10.00	4.005	4.095	49.647	1.601	4.095	635.231	4.095	301.292	0.000	95.615	0.000	0.000	234	171	123	88	61	33	28	27	20	6	5	4	10	14	14	28	46	57	93	118	122	146	137	156	210	185	164	117	92	88	79	68	35	49	66	72	91	127	168	208	257	249	253	298	298	371	435	618	1390	3269	3678	1696	1710	1790	1859	1842	1663	1441	1311	1067	1009	1765	1283	849	553	404	252	159	108	58	29	26	19	16	10	7	4	3	1	1	1	1	1	0	1	2	2	0	1	1	0	1	3	1	0	0	0	0	0
7/4/2024	11:53:43.33  PM	10.00	4.069	4.095	49.640	1.605	4.095	635.107	4.095	301.334	0.000	95.611	0.000	0.000	259	171	114	73	57	28	35	20	14	10	5	3	11	13	14	25	47	55	78	101	138	130	167	137	177	175	149	115	100	88	62	65	50	45	71	74	87	135	160	238	254	256	252	276	356	376	433	642	1370	3167	3790	1747	1805	1921	1989	1913	1719	1505	1371	1169	1030	1812	1372	903	623	414	277	176	115	73	47	17	21	7	15	8	6	9	7	3	4	2	4	4	3	4	3	0	0	3	2	6	3	4	6	4	4	0	2
7/4/2024	11:53:53.33  PM	10.00	4.066	4.095	49.634	1.616	4.095	635.098	4.095	301.566	0.000	95.614	0.000	0.000	267	188	121	84	45	45	26	16	11	10	5	10	12	9	20	39	38	58	91	107	128	148	138	147	186	208	152	137	119	84	65	58	65	44	74	81	107	154	185	221	216	270	279	286	334	381	498	620	1449	3279	3780	1726	1742	1938	1988	1873	1726	1440	1283	1181	951	1737	1240	835	556	410	257	167	114	61	33	20	18	15	6	8	8	3	0	1	3	2	0	0	2	0	2	0	0	1	0	0	0	0	0	0	1	0	0
7/4/2024	11:54:03.33  PM	10.00	4.071	4.095	49.606	1.613	4.095	634.998	4.095	301.410	0.000	95.614	0.000	0.000	235	192	101	72	54	31	23	15	17	4	6	6	13	17	25	37	32	66	74	88	134	143	170	152	183	206	138	114	129	82	66	80	53	54	67	86	134	132	175	226	250	266	248	285	294	361	490	657	1567	3398	3862	1867	1796	1937	1845	1780	1708	1417	1232	1075	926	1658	1251	848	546	407	254	135	76	63	36	21	19	18	7	7	2	9	1	3	0	0	1	0	1	1	1	2	1	1	0	2	0	0	0	0	1	0	0
7/4/2024	11:54:13.33  PM	10.00	4.057	4.095	49.592	1.607	4.095	634.883	4.095	301.407	0.000	95.617	0.000	0.000	294	170	113	80	47	34	19	13	10	7	7	4	8	20	18	28	26	55	68	97	128	152	135	154	183	220	155	138	131	80	77	63	47	44	56	85	111	161	172	186	228	286	269	269	341	373	474	673	1558	3499	3797	1757	1789	1918	1929	1867	1703	1436	1286	1054	956	1675	1240	863	558	404	264	165	120	63	29	32	17	18	9	3	3	9	3	2	2	2	1	3	2	0	1	1	0	1	1	1	1	0	5	1	0	1	0
7/4/2024	11:54:23.33  PM	10.00	4.043	4.095	49.639	1.599	4.095	634.836	4.095	301.301	0.000	95.616	0.000	0.000	204	164	79	70	50	37	20	9	16	4	4	11	9	16	18	25	53	66	73	108	123	127	140	142	224	172	145	151	114	78	61	57	49	42	51	85	112	152	190	210	241	288	252	333	330	372	427	585	1301	3192	3731	1699	1676	1859	1929	1916	1689	1513	1353	1100	997	1705	1299	825	598	414	251	174	114	55	30	22	25	13	11	10	7	6	3	2	3	2	2	1	2	1	3	3	0	2	0	1	0	4	1	3	1	0	2
7/4/2024	11:54:33.33  PM	10.00	4.065	4.095	49.609	1.589	4.095	634.698	4.095	301.108	0.000	95.616	0.000	0.000	238	163	106	78	55	38	15	9	12	10	3	6	9	13	24	26	29	53	72	107	134	153	163	163	223	202	160	157	111	101	74	73	62	52	58	68	108	158	174	217	241	272	241	291	317	355	457	594	1364	3269	3759	1783	1780	1860	1921	1828	1720	1505	1318	1074	997	1691	1333	846	601	403	274	161	104	68	46	29	24	26	13	15	15	10	6	6	7	7	13	7	7	5	4	2	7	2	3	8	9	6	9	3	3	6	8
