Date	Time	Accum.	Scatter	Current	Sample	Ref.	Temp.	Sheath	Diff.	Box	Purge	Pres.	Aux.	Flow	90.00	94.39	98.99	103.81	108.87	114.17	119.74	125.57	131.69	138.11	144.84	151.90	159.30	167.06	175.20	183.74	192.69	202.09	211.93	222.26	233.09	244.45	256.36	268.86	281.96	295.70	310.11	325.22	341.07	357.69	375.12	393.40	412.57	432.67	453.76	475.87	499.06	523.38	548.89	575.63	603.69	633.10	663.96	696.31	730.24	765.83	803.15	842.29	883.33	926.38	971.52	1018.87	1068.52	1120.59	1175.20	1232.46	1292.52	1355.51	1421.57	1490.84	1563.49	1639.68	1719.59	1803.38	1891.27	1983.43	2080.08	2181.45	2287.75	2399.24	2516.16	2638.77	2767.36	2902.22	3043.65	3191.97	3347.52	3510.65	3681.73	3861.14	4049.30	4246.63	4453.57	4670.60	4898.20	5136.90	5387.23	5649.75	5925.07	6213.81	6516.61	6834.18	7167.22	7516.48	7882.77	8266.91	8669.77	9092.25	9535.33
-	-	Secs	Volts	Volts	sccm	Volts	Volts	sccm	Volts	K	sccm	kPa	Volts	sccm	94.39	98.99	103.81	108.87	114.17	119.74	125.57	131.69	138.11	144.84	151.90	159.30	167.06	175.20	183.74	192.69	202.09	211.93	222.26	233.09	244.45	256.36	268.86	281.96	295.70	310.11	325.22	341.07	357.69	375.12	393.40	412.57	432.67	453.76	475.87	499.06	523.38	548.89	575.63	603.69	633.10	663.96	696.31	730.24	765.83	803.15	842.29	883.33	926.38	971.52	1018.87	1068.52	1120.59	1175.20	1232.46	1292.52	1355.51	1421.57	1490.84	1563.49	1639.68	1719.59	1803.38	1891.27	1983.43	2080.08	2181.45	2287.75	2399.24	2516.16	2638.77	2767.36	2902.22	3043.65	3191.97	3347.52	3510.65	3681.73	3861.14	4049.30	4246.63	4453.57	4670.60	4898.20	5136.90	5387.23	5649.75	5925.07	6213.81	6516.61	6834.18	7167.22	7516.48	7882.77	8266.91	8669.77	9092.25	9535.33	10000.00
7/4/2024	12:09:07.47  PM	10.00	1.796	4.054	49.145	1.728	4.054	636.867	4.054	298.217	0.000	94.463	0.000	0.000	177	175	149	133	128	108	138	177	265	296	588	1014	1943	3037	4390	5481	6915	7033	6043	4963	4510	4584	4723	4367	4466	3552	1931	1353	941	610	324	192	68	31	17	18	10	15	6	1	0	0	0	1	0	1	0	0	0	0	0	0	0	0	0	0	0	0	0	0	0	0	0	0	0	0	0	0	0	0	0	0	0	0	0	0	0	0	0	0	0	0	0	0	0	0	0	0	0	0	0	0	0	0	0	0	0	0	0
7/4/2024	12:09:17.47  PM	10.00	1.876	4.095	49.629	1.731	4.095	643.248	4.095	301.320	0.000	95.419	0.000	0.000	212	172	179	146	166	145	168	195	239	350	578	1126	2085	3062	4270	5668	6665	7074	6181	4893	4691	4831	4781	4444	4644	3583	1940	1421	1009	591	348	193	74	35	30	8	16	11	9	5	3	0	1	0	0	0	0	0	0	0	0	0	0	0	0	0	0	0	0	0	0	0	0	0	0	0	0	0	0	0	0	0	0	0	0	0	0	0	0	0	0	0	0	0	0	0	0	0	0	0	0	0	0	0	0	0	0	0	0
7/4/2024	12:09:27.47  PM	10.00	1.898	4.095	49.623	1.723	4.095	643.209	4.095	301.415	0.000	95.415	0.000	0.000	178	161	137	123	132	117	146	170	247	333	543	1082	1962	3161	4269	5767	6827	7205	6142	4879	4656	4775	4746	4538	4554	3732	2119	1430	915	626	350	188	73	36	29	14	4	7	6	3	4	2	2	0	0	0	0	0	0	0	0	0	0	0	0	0	0	0	0	0	0	0	0	0	0	0	0	0	0	0	0	0	0	0	0	0	0	0	0	0	0	0	0	0	0	0	0	0	0	0	0	0	0	0	0	0	0	0	0
7/4/2024	12:09:37.47  PM	10.00	1.767	4.095	49.632	1.724	4.095	643.295	4.095	301.419	0.000	95.419	0.000	0.000	181	191	140	131	136	118	143	188	259	296	535	1031	1798	2985	4185	5446	6768	7015	6112	4859	4594	4801	4835	4485	4466	3674	2008	1363	1016	628	343	159	68	48	24	21	11	7	7	5	7	2	1	0	1	0	0	0	0	0	0	0	0	0	0	0	0	0	0	0	0	0	0	0	0	0	0	0	0	0	0	0	0	0	0	0	0	0	0	0	0	0	0	0	0	0	0	0	0	0	0	0	0	0	0	0	1	0	0
7/4/2024	12:09:47.47  PM	10.00	1.774	4.095	49.636	1.731	4.095	643.142	4.095	301.497	0.000	95.411	0.000	0.000	193	174	144	119	137	123	134	199	287	375	629	1066	1948	3196	4476	5731	6956	7192	6170	4837	4669	4744	4682	4295	4321	3560	1945	1397	996	610	329	179	55	30	26	17	10	9	9	8	1	2	1	3	1	0	0	0	0	0	0	0	0	0	0	0	0	0	0	0	0	0	0	0	0	0	0	0	0	0	0	0	0	0	0	0	0	0	0	0	0	0	0	0	0	0	0	0	0	0	0	0	0	0	0	0	0	0	0
7/4/2024	12:09:57.47  PM	10.00	1.772	4.095	49.622	1.735	4.095	643.142	4.095	301.514	0.000	95.418	0.000	0.000	195	178	146	168	132	140	162	181	257	343	590	1137	1939	3214	4367	5666	7102	7186	6202	4809	4565	4793	4704	4413	4445	3570	1963	1441	985	581	341	162	73	42	23	12	12	13	7	2	1	1	1	3	0	1	0	0	0	0	0	0	0	0	0	0	0	0	0	0	0	0	0	0	0	0	0	0	0	0	0	0	0	0	0	0	0	0	0	0	0	0	0	0	1	0	0	0	0	0	0	0	0	0	0	0	0	0	0
7/4/2024	12:10:07.47  PM	10.00	1.824	4.095	49.633	1.731	4.095	643.137	4.095	301.504	0.000	95.408	0.000	0.000	203	169	177	137	132	125	152	172	240	303	599	1046	1871	3129	4227	5724	6812	7114	6153	4843	4513	4715	4639	4477	4408	3509	2067	1473	1014	632	358	201	78	28	23	14	18	14	10	1	1	2	0	0	0	0	0	0	1	0	0	0	0	0	0	0	0	0	0	0	0	0	0	0	0	0	0	0	0	0	0	0	0	0	0	0	0	0	0	0	0	0	0	0	0	0	0	0	0	0	0	0	0	0	0	0	0	0	0
7/4/2024	12:10:17.47  PM	10.00	1.836	4.095	49.636	1.735	4.095	643.200	4.095	301.514	0.000	95.412	0.000	0.000	192	169	139	132	127	138	149	178	233	341	625	1062	1955	3109	4190	5596	6773	7121	6106	4823	4564	4700	4664	4254	4352	3410	2052	1425	1017	617	366	182	81	32	30	21	10	16	6	3	2	0	1	0	0	0	0	0	0	0	0	0	0	0	0	0	0	0	0	0	0	0	0	0	0	0	0	0	0	0	0	0	0	0	0	0	0	0	0	0	0	0	0	0	0	0	0	0	0	0	0	0	0	0	0	0	0	0	0
7/4/2024	12:10:27.47  PM	10.00	1.881	4.095	49.626	1.747	4.095	643.324	4.095	301.544	0.000	95.416	0.000	0.000	190	176	159	144	162	133	142	179	268	305	573	1160	2124	3246	4546	5837	7146	7193	6186	4810	4562	4790	4707	4275	4333	3541	1974	1396	955	592	371	190	63	32	26	14	11	7	8	3	2	0	2	0	0	0	0	0	0	0	0	0	0	0	0	0	0	0	0	0	0	0	0	0	0	0	0	0	0	0	0	0	0	0	0	0	0	0	0	0	0	0	0	0	0	0	0	0	0	0	0	0	0	0	0	0	0	0	0
7/4/2024	12:10:37.47  PM	10.00	1.919	4.095	49.624	1.774	4.095	643.310	4.095	301.572	0.000	95.415	0.000	0.000	236	153	161	152	148	163	180	188	325	409	635	1218	2201	3297	4534	6011	7307	7411	6152	4960	4828	4855	4885	4568	4541	3553	1987	1491	985	614	371	175	73	29	27	9	13	7	3	3	0	1	1	0	0	0	0	0	0	0	0	0	0	0	0	0	0	0	0	0	0	0	0	0	0	0	0	0	0	0	0	0	0	0	0	0	0	0	0	0	0	0	0	0	0	0	0	0	0	0	0	0	0	0	0	0	0	0	0
7/4/2024	12:10:47.47  PM	10.00	1.831	4.095	49.625	1.792	4.095	643.568	4.095	301.613	0.000	95.415	0.000	0.000	202	183	158	126	139	146	148	189	242	364	597	1152	2003	3091	4378	5743	6941	6954	6080	4742	4408	4676	4616	4331	4390	3415	1915	1409	961	620	353	189	68	29	37	16	16	8	7	3	0	2	1	0	1	0	0	0	0	0	0	0	0	0	0	0	0	0	0	0	0	0	0	0	0	0	0	0	0	0	0	0	0	0	0	0	0	0	0	0	0	0	0	0	0	0	0	0	0	0	0	0	0	0	0	0	0	0	0
