Date	Time	Accum.	Scatter	Current	Sample	Ref.	Temp.	Sheath	Diff.	Box	Purge	Pres.	Aux.	Flow	90.00	94.39	98.99	103.81	108.87	114.17	119.74	125.57	131.69	138.11	144.84	151.90	159.30	167.06	175.20	183.74	192.69	202.09	211.93	222.26	233.09	244.45	256.36	268.86	281.96	295.70	310.11	325.22	341.07	357.69	375.12	393.40	412.57	432.67	453.76	475.87	499.06	523.38	548.89	575.63	603.69	633.10	663.96	696.31	730.24	765.83	803.15	842.29	883.33	926.38	971.52	1018.87	1068.52	1120.59	1175.20	1232.46	1292.52	1355.51	1421.57	1490.84	1563.49	1639.68	1719.59	1803.38	1891.27	1983.43	2080.08	2181.45	2287.75	2399.24	2516.16	2638.77	2767.36	2902.22	3043.65	3191.97	3347.52	3510.65	3681.73	3861.14	4049.30	4246.63	4453.57	4670.60	4898.20	5136.90	5387.23	5649.75	5925.07	6213.81	6516.61	6834.18	7167.22	7516.48	7882.77	8266.91	8669.77	9092.25	9535.33
-	-	Secs	Volts	Volts	sccm	Volts	Volts	sccm	Volts	K	sccm	kPa	Volts	sccm	94.39	98.99	103.81	108.87	114.17	119.74	125.57	131.69	138.11	144.84	151.90	159.30	167.06	175.20	183.74	192.69	202.09	211.93	222.26	233.09	244.45	256.36	268.86	281.96	295.70	310.11	325.22	341.07	357.69	375.12	393.40	412.57	432.67	453.76	475.87	499.06	523.38	548.89	575.63	603.69	633.10	663.96	696.31	730.24	765.83	803.15	842.29	883.33	926.38	971.52	1018.87	1068.52	1120.59	1175.20	1232.46	1292.52	1355.51	1421.57	1490.84	1563.49	1639.68	1719.59	1803.38	1891.27	1983.43	2080.08	2181.45	2287.75	2399.24	2516.16	2638.77	2767.36	2902.22	3043.65	3191.97	3347.52	3510.65	3681.73	3861.14	4049.30	4246.63	4453.57	4670.60	4898.20	5136.90	5387.23	5649.75	5925.07	6213.81	6516.61	6834.18	7167.22	7516.48	7882.77	8266.91	8669.77	9092.25	9535.33	10000.00
7/5/2024	01:19:56.33  AM	10.00	4.033	4.054	49.130	1.548	4.054	623.815	4.054	300.441	0.000	94.718	0.000	0.000	210	141	97	57	32	20	28	24	12	6	7	10	10	11	18	30	43	43	70	88	125	177	232	241	387	434	394	390	348	310	284	214	94	65	51	78	89	120	179	266	366	323	325	373	415	506	451	437	600	1002	1689	1192	1324	1776	1995	2144	2353	2311	2165	1991	1830	2967	2085	1175	733	500	306	230	121	69	43	30	13	5	6	7	4	2	2	1	0	0	1	1	0	0	1	1	0	1	0	1	1	1	0	0	0	0	0
7/5/2024	01:20:06.33  AM	10.00	4.073	4.095	49.631	1.568	4.095	630.948	4.095	303.356	0.000	95.685	0.000	0.000	173	121	95	56	34	22	15	29	19	8	9	8	7	13	23	21	32	44	69	91	95	156	217	251	404	446	386	423	376	323	312	222	142	75	52	62	70	108	194	253	304	329	356	397	482	530	485	441	558	991	1643	1135	1337	1638	1952	2188	2253	2316	2064	1926	1670	2844	2064	1259	738	459	339	224	127	63	34	23	3	7	4	2	0	1	1	3	0	1	0	0	0	1	1	1	0	0	0	0	0	0	0	0	0	0	0
7/5/2024	01:20:16.33  AM	10.00	4.054	4.095	49.621	1.572	4.095	630.972	4.095	303.333	0.000	95.674	0.000	0.000	240	183	96	63	50	23	26	17	15	9	8	7	9	16	16	27	30	49	61	85	119	162	232	258	405	459	397	397	379	314	286	226	112	66	66	74	94	113	175	261	328	323	376	364	431	482	463	408	545	1031	1618	1048	1373	1715	1925	2187	2277	2160	2104	1917	1684	2772	1923	1194	659	451	287	191	128	51	38	23	11	7	4	3	4	2	2	0	2	1	1	1	0	1	0	1	0	0	1	0	3	0	2	0	0	0	0
7/5/2024	01:20:26.33  AM	10.00	4.072	4.095	49.636	1.575	4.095	631.091	4.095	303.436	0.000	95.686	0.000	0.000	221	127	95	71	47	28	25	22	12	14	5	10	11	12	20	22	32	50	63	75	142	178	233	269	404	468	431	421	402	386	295	232	133	66	59	76	90	115	148	219	279	303	374	326	460	482	505	388	560	1078	1706	1155	1380	1728	2022	2059	2200	2192	2118	1913	1676	2761	1942	1193	647	448	284	231	114	72	27	16	14	11	5	2	1	0	2	2	3	1	2	2	0	1	0	0	1	0	0	0	1	0	1	1	0	0	1
7/5/2024	01:20:36.33  AM	10.00	4.045	4.095	49.635	1.575	4.095	631.133	4.095	303.583	0.000	95.680	0.000	0.000	176	136	80	75	39	32	30	26	14	12	6	13	6	16	25	20	30	50	71	89	120	194	218	277	350	408	409	338	356	341	294	200	103	64	58	61	71	105	154	232	304	313	306	333	430	470	454	396	507	1023	1694	1138	1346	1805	2063	2170	2245	2283	2084	1942	1683	2764	1878	1108	660	402	264	204	103	67	25	24	13	6	3	2	2	0	2	1	0	0	1	0	1	0	2	0	0	0	1	2	1	0	2	0	0	0	0
7/5/2024	01:20:46.33  AM	10.00	4.062	4.095	49.632	1.575	4.095	631.252	4.095	303.729	0.000	95.677	0.000	0.000	208	128	113	65	58	42	30	24	8	11	13	9	8	17	13	23	40	43	61	76	126	157	214	279	378	442	402	424	397	362	296	214	100	61	74	61	92	104	178	286	336	381	328	339	441	553	536	398	543	991	1651	1160	1401	1642	1908	2114	2179	2224	2047	1831	1589	2744	1868	1122	653	402	293	193	139	60	21	17	12	5	4	3	4	1	1	4	0	2	0	0	0	2	1	4	0	0	1	0	0	0	0	0	0	0	0
7/5/2024	01:20:56.33  AM	10.00	4.057	4.095	49.608	1.573	4.095	631.347	4.095	303.806	0.000	95.680	0.000	0.000	182	133	87	76	53	24	19	26	18	13	9	11	12	12	21	15	33	44	63	82	140	180	218	264	396	432	393	439	365	325	277	180	105	64	67	57	86	123	170	295	383	346	386	412	488	548	527	438	577	1064	1648	1146	1300	1712	1981	2033	2154	2173	2036	1848	1555	2722	1894	1136	660	452	286	214	119	47	35	17	10	14	7	1	4	0	0	0	3	3	1	0	0	0	0	0	0	2	1	0	0	1	0	0	0	0	0
7/5/2024	01:21:06.33  AM	10.00	4.064	4.095	49.634	1.575	4.095	631.432	4.095	303.823	0.000	95.683	0.000	0.000	197	111	107	55	53	29	25	18	16	11	7	6	6	11	13	22	33	53	50	95	139	152	234	264	386	432	384	411	322	284	246	182	101	63	50	61	91	138	202	276	376	395	349	389	450	519	512	443	589	996	1659	1171	1380	1745	1965	2190	2177	2207	2079	1811	1596	2765	1910	1080	605	421	285	193	128	59	25	13	14	8	6	4	9	3	2	2	2	1	0	2	2	1	0	0	2	1	1	1	0	0	3	0	0	0	0
7/5/2024	01:21:16.33  AM	10.00	4.047	4.095	49.618	1.575	4.095	631.252	4.095	303.721	0.000	95.678	0.000	0.000	225	149	111	72	41	31	27	18	14	9	9	5	12	15	22	29	28	41	81	71	118	174	243	273	376	427	342	376	346	255	252	168	116	72	69	56	86	119	193	284	352	358	351	338	458	508	547	440	580	1034	1650	1128	1402	1785	2037	2236	2174	2245	2051	1874	1706	2627	1893	1095	659	438	280	198	128	72	31	20	8	11	3	3	4	1	2	2	2	0	1	2	1	3	2	0	1	1	0	0	1	2	0	0	0	0	0
7/5/2024	01:21:26.33  AM	10.00	4.012	4.095	49.648	1.573	4.095	631.541	4.095	303.589	0.000	95.683	0.000	0.000	191	158	99	73	43	27	14	22	17	11	9	5	13	13	20	27	35	42	76	101	139	185	211	260	368	411	384	375	352	329	254	186	72	52	50	59	73	104	224	295	359	372	344	391	428	529	547	445	534	1023	1728	1106	1399	1636	1994	2196	2281	2247	2063	1843	1540	2768	1804	1058	648	409	265	196	111	53	27	17	8	6	3	1	1	2	1	2	0	2	1	1	3	0	1	1	0	0	0	0	0	2	0	2	1	0	0
7/5/2024	01:21:36.33  AM	10.00	4.052	4.095	49.656	1.570	4.095	631.356	4.095	303.602	0.000	95.692	0.000	0.000	228	180	128	79	52	36	23	24	17	8	7	10	11	13	14	21	32	54	54	77	113	148	203	265	410	436	390	395	350	349	288	197	110	59	63	58	75	128	148	260	314	315	343	381	425	505	512	395	532	1032	1676	1091	1403	1670	1990	2147	2212	2156	2000	1811	1540	2624	1876	1050	623	407	256	211	114	46	35	16	15	5	1	3	5	5	3	3	0	1	1	2	0	1	1	0	0	1	0	0	0	0	1	0	0	1	0
