Date	Time	Accum.	Scatter	Current	Sample	Ref.	Temp.	Sheath	Diff.	Box	Purge	Pres.	Aux.	Flow	90.00	94.39	98.99	103.81	108.87	114.17	119.74	125.57	131.69	138.11	144.84	151.90	159.30	167.06	175.20	183.74	192.69	202.09	211.93	222.26	233.09	244.45	256.36	268.86	281.96	295.70	310.11	325.22	341.07	357.69	375.12	393.40	412.57	432.67	453.76	475.87	499.06	523.38	548.89	575.63	603.69	633.10	663.96	696.31	730.24	765.83	803.15	842.29	883.33	926.38	971.52	1018.87	1068.52	1120.59	1175.20	1232.46	1292.52	1355.51	1421.57	1490.84	1563.49	1639.68	1719.59	1803.38	1891.27	1983.43	2080.08	2181.45	2287.75	2399.24	2516.16	2638.77	2767.36	2902.22	3043.65	3191.97	3347.52	3510.65	3681.73	3861.14	4049.30	4246.63	4453.57	4670.60	4898.20	5136.90	5387.23	5649.75	5925.07	6213.81	6516.61	6834.18	7167.22	7516.48	7882.77	8266.91	8669.77	9092.25	9535.33
-	-	Secs	Volts	Volts	sccm	Volts	Volts	sccm	Volts	K	sccm	kPa	Volts	sccm	94.39	98.99	103.81	108.87	114.17	119.74	125.57	131.69	138.11	144.84	151.90	159.30	167.06	175.20	183.74	192.69	202.09	211.93	222.26	233.09	244.45	256.36	268.86	281.96	295.70	310.11	325.22	341.07	357.69	375.12	393.40	412.57	432.67	453.76	475.87	499.06	523.38	548.89	575.63	603.69	633.10	663.96	696.31	730.24	765.83	803.15	842.29	883.33	926.38	971.52	1018.87	1068.52	1120.59	1175.20	1232.46	1292.52	1355.51	1421.57	1490.84	1563.49	1639.68	1719.59	1803.38	1891.27	1983.43	2080.08	2181.45	2287.75	2399.24	2516.16	2638.77	2767.36	2902.22	3043.65	3191.97	3347.52	3510.65	3681.73	3861.14	4049.30	4246.63	4453.57	4670.60	4898.20	5136.90	5387.23	5649.75	5925.07	6213.81	6516.61	6834.18	7167.22	7516.48	7882.77	8266.91	8669.77	9092.25	9535.33	10000.00
7/4/2024	08:55:07.44  PM	10.00	4.015	4.054	49.135	1.592	4.054	625.654	4.054	299.093	0.000	94.478	0.000	0.000	228	161	128	72	55	33	35	26	20	31	24	24	27	31	39	50	41	35	31	23	35	25	31	24	21	19	21	18	20	23	29	81	212	350	580	1089	1709	2690	3563	4647	5246	4904	3801	2621	1982	1559	1276	940	877	802	412	136	79	107	87	80	73	49	58	33	43	62	49	31	15	11	7	3	3	1	2	0	0	1	0	0	0	1	0	0	0	1	0	1	0	0	0	0	0	0	1	1	0	0	0	0	0	0	1
7/4/2024	08:55:17.44  PM	10.00	4.038	4.095	49.627	1.606	4.095	631.901	4.095	302.048	0.000	95.433	0.000	0.000	203	158	114	60	55	42	26	24	36	16	11	20	15	23	35	35	43	36	37	39	39	23	23	28	25	33	28	15	29	21	27	99	233	358	608	1082	1734	2664	3666	4788	5136	4716	3600	2602	1851	1558	1251	962	909	823	445	146	105	98	93	66	55	62	55	32	29	68	30	32	21	12	4	4	4	2	1	2	0	1	0	0	0	0	0	0	0	0	0	0	0	0	0	0	0	0	0	0	0	0	0	0	1	0	0
7/4/2024	08:55:27.44  PM	10.00	4.050	4.095	49.652	1.604	4.095	631.868	4.095	302.084	0.000	95.439	0.000	0.000	223	174	118	75	48	33	30	28	40	22	19	19	20	26	31	36	44	34	33	33	32	26	30	32	30	30	27	17	20	24	31	119	240	354	696	1145	1792	2654	3600	4731	5136	4711	3684	2506	1918	1518	1161	992	933	788	422	147	88	90	72	63	63	60	34	45	45	61	50	34	19	7	5	2	2	3	2	0	0	0	0	0	0	0	0	0	0	0	0	0	0	0	0	0	1	0	0	0	0	0	0	0	0	0	0
7/4/2024	08:55:37.44  PM	10.00	4.074	4.095	49.607	1.602	4.095	631.921	4.095	302.128	0.000	95.438	0.000	0.000	178	155	106	76	53	35	17	34	47	14	17	12	29	35	24	45	48	32	24	29	24	32	34	31	32	26	17	19	19	24	40	103	237	369	639	1095	1815	2693	3614	4758	5344	4644	3598	2553	1897	1513	1255	931	923	766	430	154	111	98	71	77	62	56	45	55	32	61	39	28	23	12	11	6	1	2	1	1	0	0	0	1	0	0	0	1	1	0	0	0	1	0	0	0	0	0	0	0	0	1	0	0	0	0	0
7/4/2024	08:55:47.44  PM	10.00	4.058	4.095	49.620	1.604	4.095	631.887	4.095	302.190	0.000	95.438	0.000	0.000	235	140	98	82	46	37	33	34	33	16	10	23	30	41	36	30	46	38	23	39	29	29	24	24	21	18	31	20	28	23	24	92	223	378	689	1139	1798	2745	3705	4683	5167	4829	3670	2685	1967	1481	1307	960	903	821	449	145	106	75	73	60	63	58	48	49	33	55	47	41	17	14	7	1	5	3	0	0	0	0	1	0	0	1	0	0	0	0	0	0	1	0	0	0	0	0	0	0	0	0	0	0	0	0	0
7/4/2024	08:55:57.44  PM	10.00	4.082	4.095	49.622	1.600	4.095	631.958	4.095	302.432	0.000	95.433	0.000	0.000	195	170	110	78	58	29	36	21	21	22	20	23	32	32	36	27	41	32	29	29	34	36	24	23	25	22	19	21	26	16	24	112	230	293	658	1059	1776	2656	3696	4635	5291	4896	3692	2640	1983	1580	1266	994	937	843	462	131	113	90	81	61	74	60	50	36	33	48	36	18	29	12	9	2	3	1	2	0	0	1	0	0	0	0	0	0	4	0	0	0	0	1	0	0	1	0	1	0	0	0	0	0	0	0	0
7/4/2024	08:56:07.44  PM	10.00	4.072	4.095	49.624	1.606	4.095	631.830	4.095	302.704	0.000	95.433	0.000	0.000	173	125	113	77	43	37	32	45	34	19	15	20	29	21	25	29	33	29	23	31	33	26	24	18	25	18	30	23	19	20	27	84	224	367	614	1117	1766	2610	3585	4476	5284	4838	3774	2677	2064	1649	1258	984	982	792	441	117	110	87	90	84	80	56	55	26	46	78	51	36	22	11	6	2	5	4	0	1	1	0	0	0	0	0	0	0	0	0	0	0	0	0	0	0	0	0	0	0	0	0	0	0	0	0	0
7/4/2024	08:56:17.44  PM	10.00	4.063	4.095	49.634	1.609	4.095	631.826	4.095	302.812	0.000	95.435	0.000	0.000	168	116	91	79	43	33	41	28	23	19	15	25	26	25	40	48	33	30	43	28	38	26	27	19	21	14	19	19	21	14	26	79	204	314	622	1056	1657	2427	3385	4502	5079	4936	3815	2785	2036	1527	1193	1019	958	835	428	137	114	110	88	68	59	63	62	33	37	78	53	34	23	16	4	4	1	2	0	0	0	0	0	0	1	0	0	0	0	0	0	0	0	0	0	0	0	0	0	0	0	0	0	0	0	0	0
7/4/2024	08:56:27.44  PM	10.00	4.051	4.095	49.626	1.612	4.095	631.612	4.095	302.777	0.000	95.434	0.000	0.000	215	167	108	66	50	46	28	30	38	32	11	20	46	39	35	30	25	31	32	24	30	26	30	19	23	29	14	25	21	24	21	63	186	328	592	978	1616	2473	3441	4443	5039	4963	3904	2740	1975	1682	1328	995	980	810	445	146	126	101	73	96	81	65	58	43	39	52	57	37	16	17	3	5	5	0	0	1	1	1	0	0	0	0	0	0	0	0	0	0	0	0	0	0	0	0	0	0	0	0	0	0	0	1	0
7/4/2024	08:56:37.44  PM	10.00	4.012	4.095	49.616	1.612	4.095	631.645	4.095	302.809	0.000	95.430	0.000	0.000	206	129	107	56	47	48	25	34	19	24	12	25	25	28	33	29	38	34	29	30	24	41	14	26	20	31	18	17	23	18	24	81	208	278	564	983	1507	2366	3258	4364	5084	4936	3998	2942	2131	1602	1287	993	973	829	443	134	109	105	90	80	56	68	59	59	31	63	53	30	29	10	8	3	2	3	1	1	1	0	0	0	0	0	0	0	0	0	0	0	0	0	0	0	0	0	0	0	0	0	0	0	0	0	0
7/4/2024	08:56:47.44  PM	10.00	4.070	4.095	49.640	1.612	4.095	631.456	4.095	302.998	0.000	95.434	0.000	0.000	218	147	107	76	51	38	50	21	44	18	11	22	24	36	31	33	23	28	32	27	32	32	31	24	34	33	14	31	23	15	17	90	169	352	600	967	1634	2403	3456	4492	5130	5019	3960	2909	2191	1695	1346	1035	974	902	400	143	126	94	74	87	74	64	59	37	44	55	43	38	16	10	11	3	4	1	1	1	0	1	0	2	0	1	0	0	0	0	0	0	0	0	0	0	0	0	0	0	0	0	1	0	0	0	0
