Date	Time	Accum.	Scatter	Current	Sample	Ref.	Temp.	Sheath	Diff.	Box	Purge	Pres.	Aux.	Flow	90.00	94.39	98.99	103.81	108.87	114.17	119.74	125.57	131.69	138.11	144.84	151.90	159.30	167.06	175.20	183.74	192.69	202.09	211.93	222.26	233.09	244.45	256.36	268.86	281.96	295.70	310.11	325.22	341.07	357.69	375.12	393.40	412.57	432.67	453.76	475.87	499.06	523.38	548.89	575.63	603.69	633.10	663.96	696.31	730.24	765.83	803.15	842.29	883.33	926.38	971.52	1018.87	1068.52	1120.59	1175.20	1232.46	1292.52	1355.51	1421.57	1490.84	1563.49	1639.68	1719.59	1803.38	1891.27	1983.43	2080.08	2181.45	2287.75	2399.24	2516.16	2638.77	2767.36	2902.22	3043.65	3191.97	3347.52	3510.65	3681.73	3861.14	4049.30	4246.63	4453.57	4670.60	4898.20	5136.90	5387.23	5649.75	5925.07	6213.81	6516.61	6834.18	7167.22	7516.48	7882.77	8266.91	8669.77	9092.25	9535.33
-	-	Secs	Volts	Volts	sccm	Volts	Volts	sccm	Volts	K	sccm	kPa	Volts	sccm	94.39	98.99	103.81	108.87	114.17	119.74	125.57	131.69	138.11	144.84	151.90	159.30	167.06	175.20	183.74	192.69	202.09	211.93	222.26	233.09	244.45	256.36	268.86	281.96	295.70	310.11	325.22	341.07	357.69	375.12	393.40	412.57	432.67	453.76	475.87	499.06	523.38	548.89	575.63	603.69	633.10	663.96	696.31	730.24	765.83	803.15	842.29	883.33	926.38	971.52	1018.87	1068.52	1120.59	1175.20	1232.46	1292.52	1355.51	1421.57	1490.84	1563.49	1639.68	1719.59	1803.38	1891.27	1983.43	2080.08	2181.45	2287.75	2399.24	2516.16	2638.77	2767.36	2902.22	3043.65	3191.97	3347.52	3510.65	3681.73	3861.14	4049.30	4246.63	4453.57	4670.60	4898.20	5136.90	5387.23	5649.75	5925.07	6213.81	6516.61	6834.18	7167.22	7516.48	7882.77	8266.91	8669.77	9092.25	9535.33	10000.00
7/5/2024	12:15:09.36  AM	10.00	0.417	4.054	49.151	1.615	4.054	623.606	4.054	299.874	0.000	94.706	0.000	0.000	81	12	15	2	3	2	1	7	4	3	0	1	1	1	3	2	0	2	1	2	0	1	0	2	1	0	0	1	0	2	0	0	0	0	0	1	0	0	0	1	0	1	0	0	1	0	0	0	0	0	1	0	0	0	1	0	0	1	0	1	0	0	0	0	0	0	0	0	0	0	0	0	0	0	0	0	0	0	0	0	0	0	0	0	0	0	0	0	0	0	0	0	0	0	0	0	0	0	0
7/5/2024	12:15:19.36  AM	10.00	0.415	4.095	49.622	1.634	4.095	629.873	4.095	302.892	0.000	95.664	0.000	0.000	62	22	11	2	3	3	0	1	3	2	2	3	0	1	2	0	0	1	0	1	0	0	1	0	0	0	0	0	0	0	2	0	0	0	0	0	0	0	1	0	0	1	0	0	0	0	0	0	0	0	0	1	0	0	0	0	0	0	0	0	0	0	0	0	0	0	0	0	0	0	0	0	0	0	0	0	0	0	0	0	0	0	0	0	0	0	0	0	0	0	0	0	0	0	0	0	0	0	0
7/5/2024	12:15:29.36  AM	10.00	0.410	4.095	49.645	1.644	4.095	629.641	4.095	302.956	0.000	95.671	0.000	0.000	52	18	8	7	1	1	3	4	4	3	2	4	0	2	2	0	1	0	2	1	0	0	1	1	1	0	0	0	0	1	0	0	0	0	0	0	0	0	0	0	0	0	0	0	0	0	0	0	0	0	0	0	0	0	0	0	0	0	2	0	0	0	0	0	0	0	0	0	0	0	0	0	0	0	0	0	0	0	0	0	0	0	0	0	0	0	0	0	0	0	0	0	0	0	0	0	0	0	0
7/5/2024	12:15:39.36  AM	10.00	0.410	4.095	49.620	1.652	4.095	629.423	4.095	303.021	0.000	95.662	0.000	0.000	70	10	9	6	3	1	4	4	2	2	0	1	2	3	0	0	1	2	0	1	1	0	0	0	1	0	0	0	0	3	0	1	1	0	0	0	0	0	0	0	0	0	0	0	0	0	0	0	0	0	0	0	0	0	0	0	0	0	0	0	0	0	0	0	0	0	0	0	0	0	0	0	0	0	0	0	0	0	0	0	1	0	0	0	0	0	0	0	0	0	0	0	0	0	0	0	0	0	0
7/5/2024	12:15:49.36  AM	10.00	0.412	4.095	49.616	1.651	4.095	629.409	4.095	303.083	0.000	95.665	0.000	0.000	52	12	16	3	2	1	1	2	1	3	2	3	3	2	2	3	0	0	2	0	0	1	1	0	0	0	0	0	0	1	1	0	0	0	0	0	0	0	0	0	0	0	0	0	0	0	0	0	0	0	0	0	0	0	0	0	0	0	0	0	0	0	0	0	0	0	0	0	0	0	0	0	0	0	0	0	0	0	0	0	0	0	0	0	0	0	0	0	0	0	0	0	0	0	0	0	0	0	0
7/5/2024	12:15:59.36  AM	10.00	0.409	4.095	49.627	1.640	4.095	629.646	4.095	303.281	0.000	95.664	0.000	0.000	43	18	9	7	2	1	1	6	2	1	0	1	0	0	2	2	1	0	0	0	0	1	0	0	2	0	0	0	0	1	0	0	0	0	0	0	0	0	0	0	0	0	0	1	0	0	0	0	0	0	0	0	0	0	0	0	0	0	0	0	0	0	0	0	0	0	0	0	0	0	0	0	0	0	0	0	0	0	0	0	0	0	0	0	0	0	0	0	0	0	0	0	0	0	0	0	0	0	0
7/5/2024	12:16:09.36  AM	10.00	0.410	4.095	49.631	1.645	4.095	629.395	4.095	303.380	0.000	95.667	0.000	0.000	70	11	11	5	3	2	2	2	3	7	1	2	3	0	2	3	3	1	0	0	1	0	2	0	0	0	0	0	0	0	0	0	0	0	0	0	0	0	0	0	0	0	0	0	0	0	0	0	0	0	0	0	0	0	0	0	0	0	0	0	0	0	0	0	0	0	0	0	0	0	0	0	0	0	0	0	0	0	0	0	0	0	0	0	0	0	0	0	0	0	0	0	0	0	0	0	0	0	0
7/5/2024	12:16:19.36  AM	10.00	0.415	4.095	49.650	1.644	4.095	629.319	4.095	303.210	0.000	95.662	0.000	0.000	74	21	7	6	2	7	1	2	2	4	5	1	1	0	1	0	1	0	1	0	0	1	1	0	2	1	0	0	1	0	0	0	0	0	0	0	0	0	0	0	0	1	0	0	0	0	0	0	0	0	0	0	0	0	0	0	0	0	0	0	0	0	0	0	0	0	0	0	0	0	0	0	0	0	0	0	0	0	0	0	0	0	0	0	0	0	0	0	0	0	0	0	0	0	0	0	0	0	0
7/5/2024	12:16:29.36  AM	10.00	0.411	4.095	49.611	1.646	4.095	629.348	4.095	303.022	0.000	95.666	0.000	0.000	67	11	17	2	2	5	3	8	4	3	4	4	2	4	4	0	7	1	1	2	3	1	0	0	2	1	2	1	1	1	2	0	0	2	0	0	0	0	0	0	0	0	0	0	0	0	0	0	0	0	0	0	0	0	0	0	0	0	0	0	0	0	0	0	0	0	0	0	0	0	0	0	0	0	0	0	0	0	0	0	0	0	0	0	0	0	0	0	0	0	0	0	0	0	0	0	0	0	0
7/5/2024	12:16:39.36  AM	10.00	0.415	4.095	49.636	1.646	4.095	629.414	4.095	302.901	0.000	95.671	0.000	0.000	65	13	9	5	4	1	4	3	2	3	1	1	2	1	1	1	1	0	1	0	0	0	0	0	0	1	0	0	1	1	0	0	0	0	0	0	0	0	0	0	0	0	0	0	0	0	0	0	0	0	0	0	0	0	0	0	0	0	0	0	0	0	0	0	0	0	0	0	0	0	0	0	0	0	0	0	0	0	0	0	0	0	0	0	0	0	0	0	0	0	0	0	0	0	0	0	0	0	0
7/5/2024	12:16:49.36  AM	10.00	0.411	4.095	49.626	1.640	4.095	629.168	4.095	302.888	0.000	95.665	0.000	0.000	67	22	10	3	0	1	4	3	3	3	1	2	1	1	2	2	0	0	1	0	1	0	2	0	0	1	0	0	0	0	1	0	0	0	0	0	0	0	0	0	1	0	1	0	0	0	0	0	0	0	0	0	0	0	0	0	0	0	0	0	0	0	0	0	0	0	0	0	0	0	0	0	0	0	0	0	0	0	0	0	0	0	0	0	0	0	0	0	0	0	0	0	0	0	0	0	0	0	0
