Date	Time	Accum.	Scatter	Current	Sample	Ref.	Temp.	Sheath	Diff.	Box	Purge	Pres.	Aux.	Flow	90.00	94.39	98.99	103.81	108.87	114.17	119.74	125.57	131.69	138.11	144.84	151.90	159.30	167.06	175.20	183.74	192.69	202.09	211.93	222.26	233.09	244.45	256.36	268.86	281.96	295.70	310.11	325.22	341.07	357.69	375.12	393.40	412.57	432.67	453.76	475.87	499.06	523.38	548.89	575.63	603.69	633.10	663.96	696.31	730.24	765.83	803.15	842.29	883.33	926.38	971.52	1018.87	1068.52	1120.59	1175.20	1232.46	1292.52	1355.51	1421.57	1490.84	1563.49	1639.68	1719.59	1803.38	1891.27	1983.43	2080.08	2181.45	2287.75	2399.24	2516.16	2638.77	2767.36	2902.22	3043.65	3191.97	3347.52	3510.65	3681.73	3861.14	4049.30	4246.63	4453.57	4670.60	4898.20	5136.90	5387.23	5649.75	5925.07	6213.81	6516.61	6834.18	7167.22	7516.48	7882.77	8266.91	8669.77	9092.25	9535.33
-	-	Secs	Volts	Volts	sccm	Volts	Volts	sccm	Volts	K	sccm	kPa	Volts	sccm	94.39	98.99	103.81	108.87	114.17	119.74	125.57	131.69	138.11	144.84	151.90	159.30	167.06	175.20	183.74	192.69	202.09	211.93	222.26	233.09	244.45	256.36	268.86	281.96	295.70	310.11	325.22	341.07	357.69	375.12	393.40	412.57	432.67	453.76	475.87	499.06	523.38	548.89	575.63	603.69	633.10	663.96	696.31	730.24	765.83	803.15	842.29	883.33	926.38	971.52	1018.87	1068.52	1120.59	1175.20	1232.46	1292.52	1355.51	1421.57	1490.84	1563.49	1639.68	1719.59	1803.38	1891.27	1983.43	2080.08	2181.45	2287.75	2399.24	2516.16	2638.77	2767.36	2902.22	3043.65	3191.97	3347.52	3510.65	3681.73	3861.14	4049.30	4246.63	4453.57	4670.60	4898.20	5136.90	5387.23	5649.75	5925.07	6213.81	6516.61	6834.18	7167.22	7516.48	7882.77	8266.91	8669.77	9092.25	9535.33	10000.00
7/4/2024	01:13:37.94  PM	10.00	1.442	4.054	49.135	1.682	4.054	629.079	4.054	298.997	0.000	94.451	0.000	0.000	121	122	103	91	75	84	66	64	53	51	62	131	226	569	1209	2455	4113	6024	7633	7726	6151	6043	5688	4114	3496	2460	1288	811	449	220	118	65	22	11	6	6	3	2	1	1	5	2	0	1	0	0	0	0	0	0	0	0	0	0	0	0	0	0	0	0	0	0	0	0	0	0	0	0	0	0	0	0	0	0	0	0	0	0	0	0	0	0	0	0	0	0	0	0	0	0	0	0	0	0	0	0	0	0	0
7/4/2024	01:13:47.94  PM	10.00	1.487	4.095	49.635	1.693	4.095	635.579	4.095	301.961	0.000	95.401	0.000	0.000	129	130	121	99	76	55	64	68	72	74	100	149	244	555	1182	2495	4281	6118	7707	7531	6086	5816	5558	4134	3425	2390	1237	698	414	237	95	47	21	5	5	2	2	3	2	2	0	0	0	0	0	0	0	0	0	0	0	0	0	0	0	0	0	0	0	0	0	0	0	0	0	0	0	0	0	0	0	0	0	0	0	0	0	0	0	0	0	0	0	0	0	0	0	0	0	0	0	0	0	0	0	0	0	0	0
7/4/2024	01:13:57.94  PM	10.00	1.428	4.095	49.642	1.685	4.095	635.517	4.095	301.966	0.000	95.407	0.000	0.000	133	146	105	110	82	80	76	77	66	73	86	124	234	536	1219	2421	4120	6093	7653	7419	6051	5862	5605	4211	3448	2351	1198	729	426	224	105	54	21	13	4	3	5	1	1	1	0	0	0	2	0	0	0	0	0	0	0	0	0	0	0	0	0	0	0	0	0	0	0	0	0	0	0	0	0	0	0	0	0	0	0	0	0	0	0	0	0	0	0	0	0	0	0	0	0	0	0	0	0	0	0	0	0	0	0
7/4/2024	01:14:07.94  PM	10.00	1.437	4.095	49.631	1.681	4.095	635.582	4.095	301.921	0.000	95.409	0.000	0.000	124	127	115	87	78	63	67	51	72	62	88	132	252	551	1262	2541	4283	6174	7638	7513	6163	5845	5581	4172	3568	2427	1256	687	433	229	108	53	20	7	2	7	2	1	0	2	0	0	0	0	0	1	0	0	0	0	0	0	0	0	0	0	0	0	0	0	0	0	0	0	0	0	0	0	0	0	0	0	0	0	0	0	0	0	0	0	0	0	0	0	0	0	0	0	0	0	0	0	0	0	0	0	0	0	0
7/4/2024	01:14:17.94  PM	10.00	1.464	4.095	49.630	1.682	4.095	635.473	4.095	301.879	0.000	95.401	0.000	0.000	157	140	112	105	89	90	75	48	79	64	72	161	279	521	1278	2496	4201	6167	7544	7510	6085	5872	5492	4149	3568	2350	1211	746	418	218	111	64	21	12	7	2	5	1	1	0	0	1	0	0	2	0	0	0	0	0	0	0	0	0	0	0	0	0	0	0	0	0	0	0	0	0	0	0	0	0	0	0	0	0	0	0	0	0	0	0	0	0	0	0	0	0	0	0	0	0	0	0	0	0	0	0	0	0	0
7/4/2024	01:14:27.94  PM	10.00	1.467	4.095	49.637	1.683	4.095	635.665	4.095	301.810	0.000	95.408	0.000	0.000	144	138	124	103	80	77	79	59	65	67	89	118	285	587	1271	2491	4326	6128	7683	7532	6172	5904	5801	4291	3583	2422	1277	755	411	211	87	67	17	11	7	3	1	3	1	3	1	1	0	2	0	0	0	0	0	0	0	0	0	0	0	0	0	0	0	0	0	0	0	0	0	0	0	0	0	0	0	0	0	0	0	0	0	0	0	0	0	0	0	0	0	0	0	0	0	0	0	0	0	0	0	0	0	0	0
7/4/2024	01:14:37.94  PM	10.00	1.406	4.095	49.638	1.686	4.095	635.665	4.095	301.867	0.000	95.407	0.000	0.000	155	145	134	114	93	87	68	62	66	82	77	136	264	598	1284	2624	4316	6145	7788	7525	6075	5798	5722	4141	3492	2435	1257	749	391	238	99	46	22	10	4	6	3	3	0	3	2	1	0	0	0	0	0	0	0	0	0	0	0	0	0	0	0	0	0	0	0	0	0	0	0	0	0	0	0	0	0	0	0	0	0	0	0	0	0	0	0	0	0	0	0	0	0	0	0	0	0	0	0	0	0	0	0	0	0
7/4/2024	01:14:47.94  PM	10.00	1.391	4.095	49.630	1.691	4.095	635.420	4.095	302.035	0.000	95.411	0.000	0.000	163	144	122	127	96	109	131	180	214	282	415	571	701	1032	1645	2895	4442	6195	7388	6971	5754	5464	5064	3712	3229	2188	1179	687	380	191	109	55	16	10	5	3	2	4	3	0	0	0	0	1	0	0	0	0	0	0	0	0	0	0	0	0	0	0	0	0	0	0	0	0	0	0	0	1	0	0	0	0	0	0	0	0	0	0	0	0	0	0	0	0	0	0	0	0	0	0	0	0	0	1	0	0	0	0	0
7/4/2024	01:14:57.94  PM	10.00	1.476	4.095	49.631	1.693	4.095	635.667	4.095	302.096	0.000	95.404	0.000	0.000	156	152	113	99	90	84	68	66	67	81	94	156	255	603	1307	2595	4462	6459	7649	7359	6030	5845	5599	4023	3501	2292	1300	763	393	231	111	51	17	7	4	3	4	2	0	0	0	2	1	1	0	0	0	0	0	0	0	0	0	0	0	0	0	0	0	0	0	0	0	0	0	0	0	0	0	0	0	0	0	0	0	0	0	0	0	0	0	0	0	0	0	0	0	0	0	0	0	0	0	0	0	0	0	0	0
7/4/2024	01:15:07.94  PM	10.00	1.520	4.095	49.637	1.699	4.095	635.943	4.095	302.107	0.000	95.397	0.000	0.000	147	135	128	95	89	87	58	80	78	75	67	169	276	606	1242	2538	4316	6115	7723	7288	5967	5629	5552	4044	3431	2264	1265	757	426	215	110	52	13	10	8	7	1	4	1	2	2	0	0	0	1	0	0	0	0	0	0	0	0	0	0	0	0	0	0	0	0	0	0	0	0	0	0	0	0	0	0	0	0	0	0	0	0	0	0	0	0	0	0	0	0	0	0	0	0	0	0	0	0	0	0	0	0	0	0
7/4/2024	01:15:17.94  PM	10.00	1.524	4.095	49.632	1.705	4.095	635.707	4.095	302.110	0.000	95.400	0.000	0.000	135	125	109	90	79	74	70	73	73	78	86	134	305	570	1276	2493	4223	6232	7641	7469	5851	5636	5430	4113	3493	2321	1260	733	447	225	89	40	16	10	3	2	2	0	2	4	0	0	0	0	0	0	0	1	0	0	0	0	0	0	0	0	0	0	0	0	0	0	0	0	0	0	0	0	0	0	0	0	0	0	0	0	0	0	0	0	0	0	0	0	0	0	0	0	0	0	0	0	0	0	0	0	0	0	0
