Date	Time	Accum.	Scatter	Current	Sample	Ref.	Temp.	Sheath	Diff.	Box	Purge	Pres.	Aux.	Flow	90.00	94.39	98.99	103.81	108.87	114.17	119.74	125.57	131.69	138.11	144.84	151.90	159.30	167.06	175.20	183.74	192.69	202.09	211.93	222.26	233.09	244.45	256.36	268.86	281.96	295.70	310.11	325.22	341.07	357.69	375.12	393.40	412.57	432.67	453.76	475.87	499.06	523.38	548.89	575.63	603.69	633.10	663.96	696.31	730.24	765.83	803.15	842.29	883.33	926.38	971.52	1018.87	1068.52	1120.59	1175.20	1232.46	1292.52	1355.51	1421.57	1490.84	1563.49	1639.68	1719.59	1803.38	1891.27	1983.43	2080.08	2181.45	2287.75	2399.24	2516.16	2638.77	2767.36	2902.22	3043.65	3191.97	3347.52	3510.65	3681.73	3861.14	4049.30	4246.63	4453.57	4670.60	4898.20	5136.90	5387.23	5649.75	5925.07	6213.81	6516.61	6834.18	7167.22	7516.48	7882.77	8266.91	8669.77	9092.25	9535.33
-	-	Secs	Volts	Volts	sccm	Volts	Volts	sccm	Volts	K	sccm	kPa	Volts	sccm	94.39	98.99	103.81	108.87	114.17	119.74	125.57	131.69	138.11	144.84	151.90	159.30	167.06	175.20	183.74	192.69	202.09	211.93	222.26	233.09	244.45	256.36	268.86	281.96	295.70	310.11	325.22	341.07	357.69	375.12	393.40	412.57	432.67	453.76	475.87	499.06	523.38	548.89	575.63	603.69	633.10	663.96	696.31	730.24	765.83	803.15	842.29	883.33	926.38	971.52	1018.87	1068.52	1120.59	1175.20	1232.46	1292.52	1355.51	1421.57	1490.84	1563.49	1639.68	1719.59	1803.38	1891.27	1983.43	2080.08	2181.45	2287.75	2399.24	2516.16	2638.77	2767.36	2902.22	3043.65	3191.97	3347.52	3510.65	3681.73	3861.14	4049.30	4246.63	4453.57	4670.60	4898.20	5136.90	5387.23	5649.75	5925.07	6213.81	6516.61	6834.18	7167.22	7516.48	7882.77	8266.91	8669.77	9092.25	9535.33	10000.00
7/4/2024	01:38:59.36  PM	10.00	0.417	4.054	49.127	1.685	4.054	624.009	4.054	299.219	0.000	94.424	0.000	0.000	2016	394	245	865	911	405	140	128	103	44	21	19	16	23	21	23	16	23	13	21	15	18	17	11	10	8	5	2	1	0	1	0	0	0	0	0	0	0	0	0	0	0	0	0	0	0	0	0	0	0	0	0	0	0	0	0	0	0	0	0	0	0	0	0	0	0	0	0	0	0	0	0	0	0	0	0	0	0	0	0	0	0	0	0	0	0	0	0	0	0	0	0	0	0	0	0	0	0	0
7/4/2024	01:39:09.36  PM	10.00	0.422	4.095	49.639	1.695	4.095	629.958	4.095	302.136	0.000	95.377	0.000	0.000	2069	389	282	834	976	421	167	117	80	43	24	7	8	11	15	17	15	9	11	13	13	18	15	6	13	9	5	2	0	0	0	0	0	0	0	0	0	0	0	0	0	0	0	0	0	0	0	0	0	0	0	0	0	0	0	0	0	0	0	0	0	0	0	0	0	0	0	0	0	0	0	0	0	0	0	0	0	0	0	0	0	0	0	0	0	0	0	0	0	0	0	0	0	0	0	0	0	0	0
7/4/2024	01:39:19.36  PM	10.00	0.420	4.095	49.632	1.695	4.095	629.954	4.095	302.108	0.000	95.385	0.000	0.000	2071	396	257	753	913	466	131	130	92	39	28	15	8	16	22	12	13	17	17	11	8	17	10	13	6	4	3	1	1	0	0	0	0	0	0	0	0	0	0	0	0	0	0	0	0	0	0	0	0	0	0	0	0	0	0	0	0	0	0	0	0	0	0	0	0	0	0	0	0	0	0	0	0	0	0	0	0	0	0	0	0	0	0	0	0	0	0	0	0	0	0	0	0	0	0	0	0	0	0
7/4/2024	01:39:29.36  PM	10.00	0.421	4.095	49.626	1.696	4.095	629.850	4.095	302.187	0.000	95.377	0.000	0.000	2133	409	269	797	955	430	158	113	98	64	24	19	10	17	13	8	16	18	10	13	14	11	9	10	6	5	7	2	1	0	0	0	0	0	0	0	0	0	0	0	0	0	0	0	0	0	0	0	0	0	0	0	0	0	0	0	0	0	0	0	0	0	0	0	0	0	0	0	0	0	0	0	0	0	0	0	0	0	0	0	0	0	0	0	0	0	0	0	0	0	0	0	0	0	0	0	0	0	0
7/4/2024	01:39:39.36  PM	10.00	0.420	4.095	49.645	1.700	4.095	629.741	4.095	302.228	0.000	95.376	0.000	0.000	1944	377	287	746	877	445	137	118	71	54	28	20	10	7	13	19	20	11	12	5	20	19	13	6	6	7	2	2	1	0	0	0	0	0	0	0	0	0	0	0	0	0	0	0	0	0	0	0	0	0	0	0	0	0	0	0	0	0	0	0	0	0	0	0	0	0	0	0	0	0	0	0	0	0	0	0	0	0	0	0	0	0	0	0	0	0	0	0	0	0	0	0	0	0	0	0	0	0	0
7/4/2024	01:39:49.36  PM	10.00	0.419	4.095	49.633	1.698	4.095	629.821	4.095	302.183	0.000	95.379	0.000	0.000	1987	396	300	788	902	440	132	130	99	34	26	15	5	15	12	19	13	7	18	13	10	9	8	7	5	4	2	3	0	0	0	0	0	0	0	0	0	0	0	0	0	0	0	0	0	0	0	0	0	0	0	0	0	0	0	0	0	0	0	0	0	0	0	0	0	0	0	0	0	0	0	0	0	0	0	0	0	0	0	0	0	0	0	0	0	0	0	0	0	0	0	0	0	0	0	0	0	0	0
7/4/2024	01:39:59.36  PM	10.00	0.425	4.095	49.636	1.698	4.095	629.802	4.095	302.166	0.000	95.373	0.000	0.000	2043	381	266	781	874	412	136	119	99	45	24	11	14	10	13	22	20	9	14	11	16	7	14	11	15	5	2	3	0	0	0	0	0	0	0	0	0	0	0	0	0	0	0	0	0	0	0	0	0	0	0	0	0	0	0	0	0	0	0	0	0	0	0	0	0	0	0	0	0	0	0	0	0	0	0	0	0	0	0	0	0	0	0	0	0	0	0	0	0	0	0	0	0	0	0	0	0	0	0
7/4/2024	01:40:09.36  PM	10.00	0.421	4.095	49.627	1.698	4.095	629.532	4.095	302.176	0.000	95.376	0.000	0.000	2166	392	295	752	966	388	142	128	100	45	31	11	9	8	27	23	16	11	11	12	8	9	10	3	4	5	8	1	1	0	1	0	0	0	0	0	0	0	0	0	0	0	0	0	0	0	0	0	0	0	0	0	0	0	0	0	0	0	0	0	0	0	0	0	0	0	0	0	0	0	0	0	0	0	0	0	0	0	0	0	0	0	0	0	0	0	0	0	0	0	0	0	0	0	0	0	0	0	0
7/4/2024	01:40:19.36  PM	10.00	0.419	4.095	49.626	1.701	4.095	629.490	4.095	302.173	0.000	95.377	0.000	0.000	2136	396	256	804	893	409	146	122	95	34	29	25	10	12	14	18	21	24	18	17	12	14	7	10	9	6	2	1	0	0	0	0	0	0	0	0	0	0	0	0	0	0	0	0	0	0	0	0	0	0	0	0	0	0	0	0	0	0	0	0	0	0	0	0	0	0	0	0	0	0	0	0	0	0	0	0	0	0	0	0	0	0	0	0	0	0	0	0	0	0	0	0	0	0	0	0	0	0	0
7/4/2024	01:40:29.36  PM	10.00	0.420	4.095	49.655	1.701	4.095	629.504	4.095	302.169	0.000	95.379	0.000	0.000	2330	398	266	784	927	438	158	121	95	41	24	14	7	14	12	13	14	15	13	13	9	12	7	13	5	5	4	3	0	0	0	0	0	0	0	0	0	0	0	0	0	0	0	0	0	0	0	0	0	0	0	0	0	0	0	0	0	0	0	0	0	0	0	0	0	0	0	0	0	0	0	0	0	0	0	0	0	0	0	0	0	0	0	0	0	0	0	0	0	0	0	0	0	0	0	0	0	0	0
7/4/2024	01:40:39.36  PM	10.00	0.419	4.095	49.626	1.699	4.095	629.428	4.095	302.152	0.000	95.372	0.000	0.000	2218	450	231	817	979	414	147	120	84	43	22	20	12	10	10	14	15	14	7	19	10	11	8	10	6	8	4	0	1	1	0	0	0	0	0	0	0	0	0	0	0	0	0	0	0	0	0	0	0	0	0	0	0	0	0	0	0	0	0	0	0	0	0	0	0	0	0	0	0	0	0	0	0	0	0	0	0	0	0	0	0	0	0	0	0	0	0	0	0	0	0	0	0	0	0	0	0	0	0
