Date	Time	Accum.	Scatter	Current	Sample	Ref.	Temp.	Sheath	Diff.	Box	Purge	Pres.	Aux.	Flow	90.00	94.39	98.99	103.81	108.87	114.17	119.74	125.57	131.69	138.11	144.84	151.90	159.30	167.06	175.20	183.74	192.69	202.09	211.93	222.26	233.09	244.45	256.36	268.86	281.96	295.70	310.11	325.22	341.07	357.69	375.12	393.40	412.57	432.67	453.76	475.87	499.06	523.38	548.89	575.63	603.69	633.10	663.96	696.31	730.24	765.83	803.15	842.29	883.33	926.38	971.52	1018.87	1068.52	1120.59	1175.20	1232.46	1292.52	1355.51	1421.57	1490.84	1563.49	1639.68	1719.59	1803.38	1891.27	1983.43	2080.08	2181.45	2287.75	2399.24	2516.16	2638.77	2767.36	2902.22	3043.65	3191.97	3347.52	3510.65	3681.73	3861.14	4049.30	4246.63	4453.57	4670.60	4898.20	5136.90	5387.23	5649.75	5925.07	6213.81	6516.61	6834.18	7167.22	7516.48	7882.77	8266.91	8669.77	9092.25	9535.33
-	-	Secs	Volts	Volts	sccm	Volts	Volts	sccm	Volts	K	sccm	kPa	Volts	sccm	94.39	98.99	103.81	108.87	114.17	119.74	125.57	131.69	138.11	144.84	151.90	159.30	167.06	175.20	183.74	192.69	202.09	211.93	222.26	233.09	244.45	256.36	268.86	281.96	295.70	310.11	325.22	341.07	357.69	375.12	393.40	412.57	432.67	453.76	475.87	499.06	523.38	548.89	575.63	603.69	633.10	663.96	696.31	730.24	765.83	803.15	842.29	883.33	926.38	971.52	1018.87	1068.52	1120.59	1175.20	1232.46	1292.52	1355.51	1421.57	1490.84	1563.49	1639.68	1719.59	1803.38	1891.27	1983.43	2080.08	2181.45	2287.75	2399.24	2516.16	2638.77	2767.36	2902.22	3043.65	3191.97	3347.52	3510.65	3681.73	3861.14	4049.30	4246.63	4453.57	4670.60	4898.20	5136.90	5387.23	5649.75	5925.07	6213.81	6516.61	6834.18	7167.22	7516.48	7882.77	8266.91	8669.77	9092.25	9535.33	10000.00
7/4/2024	09:58:42.31  PM	10.00	4.035	4.054	49.117	1.575	4.054	623.483	4.054	300.064	0.000	94.538	0.000	0.000	222	182	124	88	57	46	24	39	31	17	25	33	36	42	59	69	90	104	160	136	153	207	202	202	236	206	155	177	157	139	102	102	68	60	46	60	87	120	202	288	570	972	1752	3006	4446	5678	5699	4392	3601	2920	1580	493	401	402	375	337	296	269	253	223	178	311	271	201	120	76	41	32	27	9	9	5	6	2	2	4	5	2	3	3	5	4	2	2	2	2	1	3	1	2	2	1	1	1	0	0	0	3	2
7/4/2024	09:58:52.31  PM	10.00	4.078	4.095	49.617	1.591	4.095	629.845	4.095	303.081	0.000	95.493	0.000	0.000	250	176	133	92	69	47	37	37	35	21	18	22	45	43	51	80	90	110	132	153	176	213	197	234	230	227	178	171	175	131	132	109	53	52	67	53	99	124	189	328	534	934	1833	2900	4391	5579	5897	4456	3702	2849	1523	512	413	432	391	379	315	287	264	237	176	353	270	152	106	79	44	25	23	10	11	4	2	2	4	2	2	3	4	6	1	0	0	0	0	0	1	2	1	0	1	0	2	1	0	0	1	0	0
7/4/2024	09:59:02.31  PM	10.00	4.066	4.095	49.620	1.591	4.095	629.850	4.095	303.085	0.000	95.493	0.000	0.000	224	175	108	86	64	28	38	30	30	27	20	22	31	40	47	81	86	130	138	162	161	197	185	176	200	209	189	180	147	124	118	91	67	41	67	86	93	120	205	317	540	998	1753	2901	4389	5658	5735	4418	3627	2837	1552	541	443	410	377	351	331	261	240	201	182	362	265	176	130	76	44	27	15	15	6	5	6	2	3	5	1	1	3	1	0	1	1	0	0	0	0	1	2	0	1	1	0	0	0	1	0	1	1
7/4/2024	09:59:12.31  PM	10.00	4.074	4.095	49.621	1.591	4.095	629.788	4.095	303.182	0.000	95.489	0.000	0.000	232	173	120	82	55	34	38	35	36	23	16	25	33	41	56	65	101	100	140	138	168	201	201	195	246	234	177	160	157	126	114	98	58	47	53	63	81	111	187	344	569	1048	1817	3085	4488	5550	5738	4457	3735	2886	1610	551	431	427	375	338	317	305	243	222	211	330	266	165	110	83	46	30	18	11	8	3	1	3	1	1	3	3	3	1	2	0	1	0	0	1	1	1	0	0	1	1	0	0	0	0	0	0	0
7/4/2024	09:59:22.31  PM	10.00	4.092	4.095	49.624	1.595	4.095	629.797	4.095	303.411	0.000	95.492	0.000	0.000	222	187	125	94	58	35	39	36	28	16	21	17	27	34	66	62	84	107	143	148	181	169	204	214	190	238	173	164	166	123	106	115	72	45	54	66	95	127	191	346	608	1047	1920	3098	4768	5871	5674	4163	3572	2658	1429	481	397	417	385	342	340	259	251	196	211	329	244	172	131	76	49	25	17	11	7	5	5	7	4	2	4	1	0	1	0	2	2	0	0	0	3	0	0	0	0	0	0	0	1	0	0	1	2
7/4/2024	09:59:32.31  PM	10.00	4.063	4.095	49.622	1.594	4.095	629.935	4.095	303.401	0.000	95.496	0.000	0.000	221	158	112	82	63	49	32	26	33	20	17	30	28	44	40	84	94	117	146	139	165	172	173	192	226	191	199	189	142	142	125	87	60	48	61	63	83	119	182	301	569	1022	1864	3093	4553	5686	5603	4285	3595	2746	1589	507	425	384	399	357	311	286	241	237	189	340	246	162	114	87	40	28	18	9	6	5	5	1	0	3	3	2	2	4	2	0	0	0	3	0	1	1	0	1	0	0	2	1	0	3	0	1	0
7/4/2024	09:59:42.31  PM	10.00	4.087	4.095	49.626	1.591	4.095	629.897	4.095	303.321	0.000	95.494	0.000	0.000	246	158	112	78	73	37	30	29	27	25	19	23	28	39	51	73	101	111	135	173	173	166	201	194	241	216	184	169	172	152	143	96	62	46	55	67	77	125	184	313	529	990	1818	3055	4415	5738	5736	4433	3636	2823	1580	479	453	428	372	342	329	296	273	227	214	319	273	192	120	78	41	24	19	14	7	8	3	4	3	2	2	1	1	4	3	0	2	0	2	1	1	0	0	0	0	1	0	0	0	0	1	3	0
7/4/2024	09:59:52.31  PM	10.00	4.076	4.095	49.618	1.596	4.095	629.944	4.095	303.180	0.000	95.491	0.000	0.000	179	157	100	84	62	34	32	24	28	16	20	17	33	43	51	81	113	118	133	157	193	192	204	173	237	223	169	164	157	128	108	97	67	49	55	63	87	128	187	303	577	991	1763	2854	4474	5645	5880	4386	3675	2827	1585	513	435	359	360	335	331	296	264	236	166	332	279	175	101	72	48	31	16	9	7	7	3	2	3	3	1	2	0	2	2	0	1	1	0	0	0	0	0	0	0	0	0	0	0	0	0	0	0
7/4/2024	10:00:02.31  PM	10.00	4.086	4.095	49.620	1.594	4.095	629.925	4.095	303.045	0.000	95.496	0.000	0.000	184	146	99	80	47	40	38	37	30	22	15	23	31	37	56	62	89	115	134	174	180	210	211	232	273	280	218	216	183	166	141	99	68	50	66	65	76	135	188	271	544	987	1827	2967	4300	5637	5721	4139	3642	2703	1558	512	438	397	372	348	322	265	255	229	147	301	283	162	106	72	26	26	20	14	7	4	5	6	2	3	5	2	2	0	3	1	1	1	1	1	1	0	0	0	0	0	1	0	0	1	0	0	0
7/4/2024	10:00:12.31  PM	10.00	4.056	4.095	49.605	1.596	4.095	629.826	4.095	303.073	0.000	95.491	0.000	0.000	248	166	135	104	58	48	42	31	31	23	18	27	36	43	50	66	101	130	146	159	164	197	200	226	277	229	222	214	183	176	137	106	64	48	39	64	73	100	190	321	537	1060	1863	2942	4351	5660	5623	4367	3577	2777	1534	489	425	351	363	347	301	295	239	207	193	351	245	174	104	86	45	31	18	13	10	1	7	5	4	6	2	1	3	2	1	2	0	0	1	1	0	0	0	0	0	0	1	0	0	0	1	1	0
7/4/2024	10:00:22.31  PM	10.00	4.083	4.095	49.618	1.593	4.095	629.859	4.095	303.034	0.000	95.497	0.000	0.000	231	181	112	101	52	48	38	24	38	18	25	24	30	32	51	62	101	131	126	179	191	177	187	206	241	241	191	174	177	153	140	108	67	44	60	70	65	119	173	317	531	1026	1851	3030	4467	5735	5664	4311	3607	2727	1384	486	435	385	391	344	293	266	264	210	194	337	222	188	102	80	32	30	12	10	10	5	4	5	2	3	3	5	3	1	0	1	0	1	1	0	0	0	0	0	0	1	0	0	0	0	0	0	0
