Date	Time	Accum.	Scatter	Current	Sample	Ref.	Temp.	Sheath	Diff.	Box	Purge	Pres.	Aux.	Flow	90.00	94.39	98.99	103.81	108.87	114.17	119.74	125.57	131.69	138.11	144.84	151.90	159.30	167.06	175.20	183.74	192.69	202.09	211.93	222.26	233.09	244.45	256.36	268.86	281.96	295.70	310.11	325.22	341.07	357.69	375.12	393.40	412.57	432.67	453.76	475.87	499.06	523.38	548.89	575.63	603.69	633.10	663.96	696.31	730.24	765.83	803.15	842.29	883.33	926.38	971.52	1018.87	1068.52	1120.59	1175.20	1232.46	1292.52	1355.51	1421.57	1490.84	1563.49	1639.68	1719.59	1803.38	1891.27	1983.43	2080.08	2181.45	2287.75	2399.24	2516.16	2638.77	2767.36	2902.22	3043.65	3191.97	3347.52	3510.65	3681.73	3861.14	4049.30	4246.63	4453.57	4670.60	4898.20	5136.90	5387.23	5649.75	5925.07	6213.81	6516.61	6834.18	7167.22	7516.48	7882.77	8266.91	8669.77	9092.25	9535.33
-	-	Secs	Volts	Volts	sccm	Volts	Volts	sccm	Volts	K	sccm	kPa	Volts	sccm	94.39	98.99	103.81	108.87	114.17	119.74	125.57	131.69	138.11	144.84	151.90	159.30	167.06	175.20	183.74	192.69	202.09	211.93	222.26	233.09	244.45	256.36	268.86	281.96	295.70	310.11	325.22	341.07	357.69	375.12	393.40	412.57	432.67	453.76	475.87	499.06	523.38	548.89	575.63	603.69	633.10	663.96	696.31	730.24	765.83	803.15	842.29	883.33	926.38	971.52	1018.87	1068.52	1120.59	1175.20	1232.46	1292.52	1355.51	1421.57	1490.84	1563.49	1639.68	1719.59	1803.38	1891.27	1983.43	2080.08	2181.45	2287.75	2399.24	2516.16	2638.77	2767.36	2902.22	3043.65	3191.97	3347.52	3510.65	3681.73	3861.14	4049.30	4246.63	4453.57	4670.60	4898.20	5136.90	5387.23	5649.75	5925.07	6213.81	6516.61	6834.18	7167.22	7516.48	7882.77	8266.91	8669.77	9092.25	9535.33	10000.00
7/5/2024	12:44:34.69  AM	10.00	4.054	4.054	49.125	1.550	4.054	632.322	4.054	300.100	0.000	94.731	0.000	0.000	224	161	97	78	48	37	35	19	21	11	5	11	6	9	13	23	24	35	40	67	75	105	108	111	154	135	116	111	89	78	72	46	51	39	45	86	126	202	279	420	495	537	528	547	642	699	691	656	859	1649	2065	1188	1385	1723	1953	2149	2203	2186	2118	1968	1874	3036	2238	1448	833	560	394	260	161	92	43	43	19	13	12	11	3	5	3	3	1	3	0	0	2	1	0	1	0	0	0	0	1	1	1	1	1	0	0
7/5/2024	12:44:44.69  AM	10.00	4.084	4.095	49.632	1.561	4.095	638.770	4.095	303.271	0.000	95.685	0.000	0.000	186	133	100	79	44	27	18	10	21	5	7	6	6	14	16	21	20	45	70	80	91	104	113	103	149	162	143	129	106	115	69	46	26	29	52	78	116	185	288	369	499	515	490	538	568	652	695	670	827	1487	2002	1178	1339	1641	1968	2029	2205	2267	2101	1943	1801	3047	2289	1359	812	588	408	269	179	87	52	35	31	21	9	5	6	3	3	1	1	2	0	1	1	0	1	3	0	0	1	1	2	1	2	0	1	1	1
7/5/2024	12:44:54.69  AM	10.00	4.076	4.095	49.628	1.561	4.095	638.803	4.095	303.199	0.000	95.682	0.000	0.000	233	204	117	91	52	39	24	16	18	11	8	8	13	15	15	26	36	36	56	67	77	89	105	101	143	125	122	105	117	100	66	51	30	32	58	97	159	207	358	389	519	523	486	550	621	682	686	626	849	1657	2105	1256	1442	1683	1996	2148	2248	2235	2104	1914	1736	3012	2113	1387	855	571	385	285	157	92	43	34	23	20	9	3	4	1	3	2	1	1	0	0	1	1	1	0	0	2	0	0	1	1	0	0	0	0	0
7/5/2024	12:45:04.69  AM	10.00	4.085	4.095	49.637	1.563	4.095	638.765	4.095	303.104	0.000	95.684	0.000	0.000	182	100	74	42	35	28	20	13	9	10	5	11	5	15	13	20	38	37	43	70	72	75	95	89	112	100	89	89	78	60	48	44	33	31	43	80	130	235	353	456	539	545	582	568	650	689	780	640	930	1648	2097	1232	1397	1753	2045	2089	2268	2237	2132	2004	1701	2885	2260	1506	856	543	393	309	175	104	47	29	26	9	7	7	7	4	4	2	2	3	4	1	1	1	1	1	1	2	2	1	2	0	1	0	0	0	0
7/5/2024	12:45:14.69  AM	10.00	4.081	4.095	49.635	1.568	4.095	638.684	4.095	303.066	0.000	95.678	0.000	0.000	201	145	96	57	44	24	25	14	18	7	7	9	7	21	10	22	39	47	56	71	95	110	121	114	123	159	154	118	97	95	81	58	34	27	58	79	122	210	349	458	527	553	538	537	617	736	697	668	854	1587	2071	1151	1370	1675	1943	2094	2247	2183	2005	1860	1754	2907	2153	1343	854	522	351	275	146	83	60	42	15	23	12	10	7	0	2	1	0	1	3	1	3	2	1	0	1	0	1	0	0	0	0	0	1	1	1
7/5/2024	12:45:24.69  AM	10.00	4.066	4.095	49.649	1.570	4.095	638.793	4.095	303.021	0.000	95.675	0.000	0.000	199	145	101	68	45	27	26	19	19	11	10	9	10	17	19	19	22	34	58	68	87	107	102	91	109	139	95	94	78	73	67	39	31	30	59	86	131	218	364	418	521	521	494	522	617	704	714	594	858	1581	2104	1203	1499	1694	1955	2245	2223	2258	2149	1871	1753	2789	2118	1331	823	556	421	256	163	72	59	36	16	13	11	9	6	2	0	0	1	2	1	1	4	1	0	0	0	0	1	0	1	0	1	2	0	0	0
7/5/2024	12:45:34.69  AM	10.00	4.087	4.095	49.622	1.576	4.095	638.784	4.095	302.975	0.000	95.668	0.000	0.000	218	121	92	49	32	27	19	20	14	10	5	9	6	14	17	26	22	27	57	73	74	106	99	115	147	133	119	96	83	78	82	71	46	27	40	75	138	218	280	427	529	503	491	539	610	655	655	664	897	1636	2086	1254	1347	1778	1949	2116	2204	2240	2060	1989	1712	2998	2078	1433	800	554	409	262	165	76	54	36	22	15	8	8	4	5	3	2	2	2	0	0	1	2	1	0	1	0	0	1	0	0	0	0	3	0	0
7/5/2024	12:45:44.69  AM	10.00	4.084	4.095	49.614	1.581	4.095	638.817	4.095	303.225	0.000	95.666	0.000	0.000	252	166	115	72	48	41	17	19	19	8	6	8	11	11	9	19	31	43	56	73	67	87	107	95	136	117	105	111	95	80	58	47	33	30	56	98	134	226	327	471	552	547	502	527	643	697	727	609	895	1589	2074	1236	1364	1765	1958	2175	2205	2185	2057	1934	1780	2892	2114	1319	895	556	373	255	166	95	40	28	18	12	15	12	6	5	2	1	2	1	1	2	0	0	2	1	0	0	0	1	0	0	0	0	0	0	0
7/5/2024	12:45:54.69  AM	10.00	4.072	4.095	49.647	1.586	4.095	638.712	4.095	303.349	0.000	95.659	0.000	0.000	254	166	113	90	58	51	31	21	22	9	4	9	10	3	12	18	39	38	59	74	80	89	92	85	138	134	103	88	72	66	54	43	29	34	48	65	156	223	310	471	548	581	605	597	655	751	762	689	913	1624	1952	1195	1380	1648	1941	2133	2193	2137	2099	2018	1727	2913	2013	1345	848	561	389	277	160	78	48	37	21	13	15	9	1	4	4	1	2	1	1	4	1	1	1	1	1	1	0	1	0	2	0	2	0	0	0
7/5/2024	12:46:04.69  AM	10.00	4.075	4.095	49.630	1.590	4.095	638.608	4.095	303.290	0.000	95.661	0.000	0.000	232	202	119	75	59	36	14	19	16	13	10	12	10	11	12	22	30	46	55	72	87	93	105	107	119	128	113	102	88	76	60	45	29	42	58	81	151	199	326	410	533	539	519	532	634	708	730	643	904	1554	2024	1245	1329	1766	1929	2167	2203	2256	2076	1972	1708	2995	2074	1363	825	542	387	246	161	84	54	25	24	16	7	9	6	4	1	1	3	0	1	1	1	0	0	1	0	2	1	2	1	1	1	2	0	2	0
7/5/2024	12:46:14.69  AM	10.00	4.079	4.095	49.630	1.590	4.095	638.860	4.095	303.189	0.000	95.657	0.000	0.000	250	166	120	82	53	36	11	17	20	11	2	12	9	15	14	25	22	33	53	69	91	90	85	95	122	130	117	116	96	83	53	39	31	39	58	93	148	223	331	482	554	627	563	606	681	732	745	671	873	1531	2056	1214	1346	1646	1926	2056	2183	2203	2030	1925	1696	2952	2052	1330	878	605	377	285	151	72	57	32	26	10	16	6	6	2	3	2	2	0	2	0	0	1	3	1	0	0	0	0	1	1	2	1	0	0	0
