Date	Time	Accum.	Scatter	Current	Sample	Ref.	Temp.	Sheath	Diff.	Box	Purge	Pres.	Aux.	Flow	90.00	94.39	98.99	103.81	108.87	114.17	119.74	125.57	131.69	138.11	144.84	151.90	159.30	167.06	175.20	183.74	192.69	202.09	211.93	222.26	233.09	244.45	256.36	268.86	281.96	295.70	310.11	325.22	341.07	357.69	375.12	393.40	412.57	432.67	453.76	475.87	499.06	523.38	548.89	575.63	603.69	633.10	663.96	696.31	730.24	765.83	803.15	842.29	883.33	926.38	971.52	1018.87	1068.52	1120.59	1175.20	1232.46	1292.52	1355.51	1421.57	1490.84	1563.49	1639.68	1719.59	1803.38	1891.27	1983.43	2080.08	2181.45	2287.75	2399.24	2516.16	2638.77	2767.36	2902.22	3043.65	3191.97	3347.52	3510.65	3681.73	3861.14	4049.30	4246.63	4453.57	4670.60	4898.20	5136.90	5387.23	5649.75	5925.07	6213.81	6516.61	6834.18	7167.22	7516.48	7882.77	8266.91	8669.77	9092.25	9535.33
-	-	Secs	Volts	Volts	sccm	Volts	Volts	sccm	Volts	K	sccm	kPa	Volts	sccm	94.39	98.99	103.81	108.87	114.17	119.74	125.57	131.69	138.11	144.84	151.90	159.30	167.06	175.20	183.74	192.69	202.09	211.93	222.26	233.09	244.45	256.36	268.86	281.96	295.70	310.11	325.22	341.07	357.69	375.12	393.40	412.57	432.67	453.76	475.87	499.06	523.38	548.89	575.63	603.69	633.10	663.96	696.31	730.24	765.83	803.15	842.29	883.33	926.38	971.52	1018.87	1068.52	1120.59	1175.20	1232.46	1292.52	1355.51	1421.57	1490.84	1563.49	1639.68	1719.59	1803.38	1891.27	1983.43	2080.08	2181.45	2287.75	2399.24	2516.16	2638.77	2767.36	2902.22	3043.65	3191.97	3347.52	3510.65	3681.73	3861.14	4049.30	4246.63	4453.57	4670.60	4898.20	5136.90	5387.23	5649.75	5925.07	6213.81	6516.61	6834.18	7167.22	7516.48	7882.77	8266.91	8669.77	9092.25	9535.33	10000.00
7/4/2024	06:17:56.66  PM	10.00	0.429	4.054	49.138	1.663	4.054	619.995	4.054	300.703	0.000	94.325	0.000	0.000	2025	335	174	677	973	449	146	145	114	50	27	14	9	10	11	16	6	11	12	8	6	12	7	2	17	9	6	5	6	2	1	3	1	0	0	0	0	0	0	0	0	0	0	0	0	1	0	0	0	0	0	0	0	0	0	0	0	0	0	0	0	0	0	0	0	0	0	0	0	0	0	0	0	0	0	0	0	0	0	0	0	0	0	0	0	0	0	0	0	0	0	0	0	0	0	0	0	0	0
7/4/2024	06:18:06.66  PM	10.00	0.427	4.095	49.627	1.678	4.095	626.281	4.095	303.733	0.000	95.276	0.000	0.000	2069	383	160	683	1020	487	141	143	114	53	34	12	14	5	14	14	15	15	11	12	14	10	9	7	9	4	2	0	0	0	0	0	0	0	0	0	0	0	0	0	0	0	0	0	0	0	0	0	0	0	0	0	0	0	0	0	0	0	0	0	0	0	0	0	0	0	0	0	0	0	0	0	0	0	0	0	0	0	0	0	0	0	0	0	0	0	0	0	0	0	0	0	0	0	0	0	0	0	0
7/4/2024	06:18:16.66  PM	10.00	0.426	4.095	49.616	1.669	4.095	626.172	4.095	303.587	0.000	95.276	0.000	0.000	2084	382	194	674	1014	491	137	139	130	40	29	16	9	13	16	12	12	14	6	10	7	7	9	6	8	3	3	2	0	0	0	0	0	0	0	0	0	0	0	0	0	0	0	0	0	0	0	0	0	0	0	0	0	0	0	0	0	0	0	0	0	0	0	0	0	0	0	0	0	0	0	0	0	0	0	0	0	0	0	0	0	0	0	0	0	0	0	0	0	0	0	0	0	0	0	0	0	0	0
7/4/2024	06:18:26.66  PM	10.00	0.427	4.095	49.628	1.662	4.095	626.691	4.095	303.495	0.000	95.279	0.000	0.000	2002	342	170	703	1020	460	127	142	103	41	26	15	9	12	8	16	16	17	11	4	10	12	9	10	10	5	3	0	0	1	0	0	0	0	0	0	0	0	0	0	0	0	0	0	0	0	0	0	0	0	0	0	0	0	0	0	0	0	0	0	0	0	0	0	0	0	0	0	0	0	0	0	0	0	0	0	0	0	0	0	0	0	0	0	0	0	0	0	0	0	0	0	0	0	0	0	0	0	0
7/4/2024	06:18:36.66  PM	10.00	0.425	4.095	49.631	1.658	4.095	626.602	4.095	303.507	0.000	95.278	0.000	0.000	2076	381	181	678	970	504	118	189	112	65	30	26	6	7	9	17	10	8	9	7	11	4	11	8	5	2	2	2	1	1	0	0	0	0	0	0	0	0	0	0	0	0	0	0	0	0	0	0	0	0	0	0	0	0	0	0	0	0	0	0	0	0	0	0	0	0	0	0	0	0	0	0	0	0	0	0	0	0	0	0	0	0	0	0	0	0	0	0	0	0	0	0	0	0	0	0	0	0	0
7/4/2024	06:18:46.66  PM	10.00	0.428	4.095	49.636	1.658	4.095	626.592	4.095	303.556	0.000	95.275	0.000	0.000	2041	403	142	745	991	436	145	139	129	34	28	13	12	9	15	17	15	8	5	10	7	10	6	6	3	5	3	1	0	1	0	1	0	0	0	0	0	0	0	0	0	0	0	0	0	0	0	0	0	0	0	0	0	0	0	0	0	0	0	0	0	0	0	0	0	0	0	0	0	0	0	0	0	0	0	0	0	0	0	0	0	0	0	0	0	0	0	0	0	0	0	0	0	0	0	0	0	0	0
7/4/2024	06:18:56.66  PM	10.00	0.429	4.095	49.621	1.659	4.095	626.644	4.095	303.455	0.000	95.269	0.000	0.000	2018	373	177	668	983	474	119	137	117	54	28	13	7	7	15	17	11	10	12	12	8	7	5	7	9	8	5	2	0	1	0	0	0	0	0	0	0	0	0	0	0	0	0	0	0	0	0	0	0	0	0	0	0	0	0	0	0	0	0	0	0	0	0	0	0	0	0	0	0	0	0	0	0	0	0	0	0	0	0	0	0	0	0	0	0	0	0	0	0	0	0	0	0	0	0	0	0	0	0
7/4/2024	06:19:06.66  PM	10.00	0.425	4.095	49.633	1.659	4.095	626.559	4.095	303.418	0.000	95.277	0.000	0.000	2127	396	191	654	1046	442	143	139	115	58	23	13	8	6	11	6	10	12	5	6	5	7	11	5	13	7	3	2	1	0	0	0	0	0	0	0	0	0	0	0	0	0	0	0	0	0	0	0	0	0	0	0	0	0	0	0	0	0	0	0	0	0	0	0	0	0	0	0	0	0	0	0	0	0	0	0	0	0	0	0	0	0	0	0	0	0	0	0	0	0	0	0	0	0	0	0	0	0	0
7/4/2024	06:19:16.66  PM	10.00	0.424	4.095	49.649	1.658	4.095	626.186	4.095	303.373	0.000	95.282	0.000	0.000	2106	384	178	739	1015	504	123	144	104	53	27	18	10	5	6	10	8	5	8	11	11	8	3	6	3	4	3	1	0	0	0	1	0	0	0	0	0	0	0	0	0	0	0	0	0	0	0	0	0	0	0	0	0	0	0	0	0	0	0	0	0	0	0	0	0	0	0	0	0	0	0	0	0	0	0	0	0	0	0	0	0	0	0	0	0	0	0	0	0	0	0	0	0	0	0	0	0	0	0
7/4/2024	06:19:26.66  PM	10.00	0.424	4.095	49.633	1.658	4.095	625.780	4.095	303.305	0.000	95.281	0.000	0.000	2231	399	164	732	990	520	143	126	128	49	28	17	11	11	12	11	11	11	6	10	11	10	7	7	6	8	1	2	0	0	0	0	0	0	0	0	1	0	0	0	0	0	0	0	0	0	0	0	0	0	0	0	0	0	0	0	0	0	0	0	0	0	0	0	0	0	0	0	0	0	0	0	0	0	0	0	0	0	0	0	0	0	0	0	0	0	0	0	0	0	0	0	0	0	0	0	0	0	0
7/4/2024	06:19:36.66  PM	10.00	0.424	4.095	49.615	1.658	4.095	625.587	4.095	303.290	0.000	95.276	0.000	0.000	2206	411	163	692	963	506	160	152	111	41	27	21	3	13	11	13	8	11	8	9	10	13	5	7	7	4	5	0	4	1	0	0	0	0	0	0	0	0	0	0	0	0	0	0	0	0	0	0	0	0	0	0	0	0	0	0	0	0	0	0	0	0	0	0	0	0	0	0	0	0	0	0	0	0	0	0	0	0	0	0	0	0	0	0	0	0	0	0	0	0	0	0	0	0	0	0	0	0	0
