Date	Time	Accum.	Scatter	Current	Sample	Ref.	Temp.	Sheath	Diff.	Box	Purge	Pres.	Aux.	Flow	90.00	94.39	98.99	103.81	108.87	114.17	119.74	125.57	131.69	138.11	144.84	151.90	159.30	167.06	175.20	183.74	192.69	202.09	211.93	222.26	233.09	244.45	256.36	268.86	281.96	295.70	310.11	325.22	341.07	357.69	375.12	393.40	412.57	432.67	453.76	475.87	499.06	523.38	548.89	575.63	603.69	633.10	663.96	696.31	730.24	765.83	803.15	842.29	883.33	926.38	971.52	1018.87	1068.52	1120.59	1175.20	1232.46	1292.52	1355.51	1421.57	1490.84	1563.49	1639.68	1719.59	1803.38	1891.27	1983.43	2080.08	2181.45	2287.75	2399.24	2516.16	2638.77	2767.36	2902.22	3043.65	3191.97	3347.52	3510.65	3681.73	3861.14	4049.30	4246.63	4453.57	4670.60	4898.20	5136.90	5387.23	5649.75	5925.07	6213.81	6516.61	6834.18	7167.22	7516.48	7882.77	8266.91	8669.77	9092.25	9535.33
-	-	Secs	Volts	Volts	sccm	Volts	Volts	sccm	Volts	K	sccm	kPa	Volts	sccm	94.39	98.99	103.81	108.87	114.17	119.74	125.57	131.69	138.11	144.84	151.90	159.30	167.06	175.20	183.74	192.69	202.09	211.93	222.26	233.09	244.45	256.36	268.86	281.96	295.70	310.11	325.22	341.07	357.69	375.12	393.40	412.57	432.67	453.76	475.87	499.06	523.38	548.89	575.63	603.69	633.10	663.96	696.31	730.24	765.83	803.15	842.29	883.33	926.38	971.52	1018.87	1068.52	1120.59	1175.20	1232.46	1292.52	1355.51	1421.57	1490.84	1563.49	1639.68	1719.59	1803.38	1891.27	1983.43	2080.08	2181.45	2287.75	2399.24	2516.16	2638.77	2767.36	2902.22	3043.65	3191.97	3347.52	3510.65	3681.73	3861.14	4049.30	4246.63	4453.57	4670.60	4898.20	5136.90	5387.23	5649.75	5925.07	6213.81	6516.61	6834.18	7167.22	7516.48	7882.77	8266.91	8669.77	9092.25	9535.33	10000.00
7/5/2024	01:02:37.21  AM	10.00	3.984	4.054	49.136	1.575	4.054	626.598	4.054	300.394	0.000	94.705	0.000	0.000	221	159	102	61	45	34	25	15	20	15	10	5	6	8	13	24	37	43	60	69	83	139	181	209	307	301	300	302	280	220	200	131	87	46	42	60	78	119	219	268	369	436	432	465	515	667	657	608	725	1183	1563	878	1142	1431	1779	1936	2078	2039	2062	1894	1740	2913	2102	1173	777	465	359	220	145	78	49	19	11	9	10	5	5	1	0	3	2	1	1	3	2	1	0	0	3	2	1	1	2	2	0	0	0	1	0
7/5/2024	01:02:47.21  AM	10.00	4.052	4.095	49.621	1.590	4.095	632.627	4.095	303.297	0.000	95.664	0.000	0.000	217	127	94	58	47	37	29	22	19	8	4	5	7	7	15	20	27	36	55	67	110	151	171	188	305	318	310	356	301	289	220	156	83	49	52	71	80	143	197	295	437	411	485	526	569	682	695	639	766	1121	1455	902	1191	1334	1722	1909	2065	2080	2006	1909	1687	2954	2115	1201	713	489	358	250	144	57	41	27	14	12	9	3	7	2	0	2	1	2	1	1	0	1	0	2	4	1	1	3	0	0	0	2	1	0	0
7/5/2024	01:02:57.21  AM	10.00	4.068	4.095	49.621	1.591	4.095	632.660	4.095	303.231	0.000	95.667	0.000	0.000	224	141	93	66	42	42	19	18	16	15	8	7	7	12	11	21	28	38	50	78	103	129	171	244	301	324	301	325	341	320	198	173	104	48	57	57	75	135	168	263	357	366	453	486	561	643	679	582	762	1116	1391	906	1063	1384	1704	1906	1968	2047	2101	1833	1652	2933	2105	1284	758	474	348	230	132	73	43	25	19	4	5	5	6	2	2	1	1	1	0	4	0	1	0	3	2	2	1	1	0	0	0	0	0	0	0
7/5/2024	01:03:07.21  AM	10.00	3.999	4.095	49.640	1.588	4.095	632.566	4.095	303.156	0.000	95.670	0.000	0.000	205	135	93	49	37	30	20	25	13	14	3	11	11	11	16	14	25	46	43	82	98	132	176	223	306	344	343	311	277	236	212	148	84	70	67	89	86	115	179	281	358	395	410	530	571	628	704	604	729	1092	1448	881	1092	1412	1584	1835	1991	2021	2077	1969	1699	2878	2196	1288	759	478	342	194	121	69	38	32	21	13	8	5	6	1	5	4	2	0	3	2	4	1	1	1	0	2	0	1	0	1	0	1	0	0	1
7/5/2024	01:03:17.21  AM	10.00	4.035	4.095	49.611	1.589	4.095	632.499	4.095	303.111	0.000	95.664	0.000	0.000	250	150	107	69	41	22	17	15	16	13	3	6	8	11	16	18	32	23	50	73	101	136	171	195	324	341	285	319	265	267	214	160	68	48	56	69	83	120	191	264	380	401	473	504	592	698	648	632	777	1087	1373	898	964	1325	1654	1773	2047	2017	2026	1911	1738	2898	2079	1337	769	469	317	225	135	85	37	30	31	11	6	10	2	3	1	4	2	2	2	2	1	3	2	1	1	2	1	0	1	2	0	1	2	2	0
7/5/2024	01:03:27.21  AM	10.00	4.036	4.095	49.637	1.593	4.095	632.532	4.095	303.161	0.000	95.666	0.000	0.000	192	144	86	68	38	24	26	14	4	4	3	5	10	15	18	23	24	37	48	72	117	133	175	211	312	381	323	277	303	234	227	198	101	55	44	64	70	106	157	243	315	397	425	456	532	584	608	571	706	1101	1409	894	1085	1425	1663	1843	2096	2059	2045	1938	1783	3019	2117	1227	727	477	346	211	161	78	40	25	21	5	7	7	4	2	5	1	2	1	0	2	0	2	0	3	0	1	2	1	0	1	0	0	0	1	1
7/5/2024	01:03:37.21  AM	10.00	4.060	4.095	49.631	1.593	4.095	632.518	4.095	303.439	0.000	95.661	0.000	0.000	195	133	68	29	19	31	18	13	12	7	7	8	5	16	18	17	25	28	53	70	119	129	168	212	305	366	326	303	289	287	228	162	114	51	45	63	75	101	164	271	375	404	410	443	586	611	670	633	760	1107	1397	864	1065	1364	1593	1870	1987	2012	1940	1815	1723	2986	2104	1247	763	448	342	214	139	72	48	30	13	15	11	4	3	2	1	2	3	1	0	1	1	0	2	1	0	0	1	0	0	0	0	0	0	0	0
7/5/2024	01:03:47.21  AM	10.00	4.056	4.095	49.634	1.595	4.095	632.466	4.095	303.528	0.000	95.669	0.000	0.000	147	132	78	56	41	30	17	27	13	7	3	8	3	14	20	23	29	49	56	75	103	155	198	211	309	360	334	348	293	251	197	187	84	63	53	48	65	122	162	243	317	343	407	457	507	588	642	605	704	1174	1473	954	1130	1403	1718	1874	2057	2033	1990	1780	1660	2747	1985	1158	679	473	302	224	131	79	34	24	15	6	7	7	8	4	2	2	1	1	4	0	1	0	1	1	4	0	0	0	1	0	0	1	1	0	1
7/5/2024	01:03:57.21  AM	10.00	4.040	4.095	49.638	1.593	4.095	632.423	4.095	303.420	0.000	95.670	0.000	0.000	188	129	101	54	45	35	22	17	21	10	7	11	9	11	13	28	32	30	57	74	109	143	196	194	280	336	304	292	241	237	221	126	86	42	47	62	83	151	192	311	335	439	494	535	617	674	698	625	795	1139	1532	969	1130	1518	1760	1863	2106	2063	2044	1897	1681	2847	2051	1169	743	458	311	197	128	75	40	23	16	8	12	4	5	2	2	4	2	2	1	0	4	0	0	1	1	0	0	0	0	0	3	0	0	0	0
7/5/2024	01:04:07.21  AM	10.00	4.037	4.095	49.611	1.595	4.095	632.390	4.095	303.510	0.000	95.661	0.000	0.000	201	131	88	54	48	33	14	25	13	4	7	6	11	15	15	22	35	37	65	80	116	149	219	236	320	357	356	332	315	273	233	194	110	64	63	75	77	137	169	276	366	393	431	441	547	599	610	574	632	1082	1574	1035	1201	1624	1810	1990	2070	2071	2000	1874	1712	2721	2001	1138	658	462	324	195	129	72	39	30	19	11	9	5	1	2	2	3	4	3	1	2	1	0	1	0	1	0	0	2	1	0	0	1	1	2	0
7/5/2024	01:04:17.21  AM	10.00	4.024	4.095	49.614	1.591	4.095	632.148	4.095	303.568	0.000	95.669	0.000	0.000	194	144	118	63	46	18	24	22	17	10	7	9	4	11	12	24	23	19	59	62	103	137	178	210	322	347	289	309	293	244	195	156	84	54	57	51	76	139	182	276	341	420	473	455	533	610	636	538	734	1095	1473	950	1198	1506	1807	2061	2013	2102	1999	1810	1642	2800	1942	1148	681	476	290	212	135	76	45	34	15	13	6	2	3	6	4	5	2	4	2	0	1	1	3	0	0	0	0	1	3	1	1	1	1	2	0
