Date	Time	Accum.	Scatter	Current	Sample	Ref.	Temp.	Sheath	Diff.	Box	Purge	Pres.	Aux.	Flow	90.00	94.39	98.99	103.81	108.87	114.17	119.74	125.57	131.69	138.11	144.84	151.90	159.30	167.06	175.20	183.74	192.69	202.09	211.93	222.26	233.09	244.45	256.36	268.86	281.96	295.70	310.11	325.22	341.07	357.69	375.12	393.40	412.57	432.67	453.76	475.87	499.06	523.38	548.89	575.63	603.69	633.10	663.96	696.31	730.24	765.83	803.15	842.29	883.33	926.38	971.52	1018.87	1068.52	1120.59	1175.20	1232.46	1292.52	1355.51	1421.57	1490.84	1563.49	1639.68	1719.59	1803.38	1891.27	1983.43	2080.08	2181.45	2287.75	2399.24	2516.16	2638.77	2767.36	2902.22	3043.65	3191.97	3347.52	3510.65	3681.73	3861.14	4049.30	4246.63	4453.57	4670.60	4898.20	5136.90	5387.23	5649.75	5925.07	6213.81	6516.61	6834.18	7167.22	7516.48	7882.77	8266.91	8669.77	9092.25	9535.33
-	-	Secs	Volts	Volts	sccm	Volts	Volts	sccm	Volts	K	sccm	kPa	Volts	sccm	94.39	98.99	103.81	108.87	114.17	119.74	125.57	131.69	138.11	144.84	151.90	159.30	167.06	175.20	183.74	192.69	202.09	211.93	222.26	233.09	244.45	256.36	268.86	281.96	295.70	310.11	325.22	341.07	357.69	375.12	393.40	412.57	432.67	453.76	475.87	499.06	523.38	548.89	575.63	603.69	633.10	663.96	696.31	730.24	765.83	803.15	842.29	883.33	926.38	971.52	1018.87	1068.52	1120.59	1175.20	1232.46	1292.52	1355.51	1421.57	1490.84	1563.49	1639.68	1719.59	1803.38	1891.27	1983.43	2080.08	2181.45	2287.75	2399.24	2516.16	2638.77	2767.36	2902.22	3043.65	3191.97	3347.52	3510.65	3681.73	3861.14	4049.30	4246.63	4453.57	4670.60	4898.20	5136.90	5387.23	5649.75	5925.07	6213.81	6516.61	6834.18	7167.22	7516.48	7882.77	8266.91	8669.77	9092.25	9535.33	10000.00
7/4/2024	10:11:56.22  PM	10.00	0.457	4.054	49.118	1.578	4.054	620.250	4.054	300.001	0.000	94.551	0.000	0.000	2061	437	109	380	752	462	109	79	71	44	27	13	8	7	10	14	6	8	16	4	15	8	8	8	6	10	2	1	2	0	1	0	1	1	0	0	0	2	0	0	1	2	1	3	2	8	2	1	3	5	0	0	2	0	0	0	0	0	0	0	0	0	0	0	0	0	0	0	0	0	0	0	0	0	0	0	0	0	0	0	0	0	0	0	0	0	0	0	0	0	0	0	0	0	0	0	0	0	0
7/4/2024	10:12:06.22  PM	10.00	0.410	4.095	49.627	1.594	4.095	626.389	4.095	303.175	0.000	95.510	0.000	0.000	2109	386	93	402	661	439	112	89	94	42	22	8	11	5	7	16	12	10	5	7	9	4	12	3	15	8	1	0	0	1	0	0	0	0	0	0	0	0	0	0	0	0	1	0	1	0	0	0	0	0	0	0	0	0	0	0	0	0	0	0	0	0	0	0	0	0	0	0	0	0	0	0	0	0	0	0	0	0	0	0	0	0	0	0	0	0	0	0	0	0	0	0	0	0	0	0	0	0	0
7/4/2024	10:12:16.22  PM	10.00	0.410	4.095	49.650	1.591	4.095	626.257	4.095	303.163	0.000	95.506	0.000	0.000	2222	369	71	378	745	442	119	96	97	34	21	19	6	10	6	10	9	7	4	12	4	4	3	6	6	3	1	0	1	1	0	0	0	0	0	0	0	0	0	1	0	0	0	0	0	0	0	0	1	0	0	0	0	0	0	0	0	0	0	0	0	0	0	0	0	0	0	0	0	0	0	0	0	0	0	0	0	0	0	0	0	0	0	0	0	0	0	0	0	0	0	0	0	0	0	0	0	0	0
7/4/2024	10:12:26.22  PM	10.00	0.412	4.095	49.634	1.592	4.095	626.134	4.095	303.069	0.000	95.508	0.000	0.000	2308	413	90	370	775	456	106	82	87	32	23	16	5	5	12	9	13	10	3	8	10	9	8	5	8	6	4	2	1	1	1	0	1	0	0	0	0	0	0	0	0	0	0	0	0	0	1	0	0	0	0	0	0	0	0	0	0	0	0	0	0	0	0	0	0	0	0	0	0	0	0	0	0	0	0	0	0	0	0	0	0	0	0	0	0	0	0	0	0	0	0	0	0	0	0	0	0	0	0
7/4/2024	10:12:36.22  PM	10.00	0.409	4.095	49.660	1.603	4.095	626.101	4.095	302.961	0.000	95.508	0.000	0.000	2312	377	96	408	730	461	137	92	113	54	21	16	8	6	6	13	8	10	7	3	8	9	2	4	3	2	3	1	1	0	0	0	0	0	0	0	0	0	0	0	0	0	0	0	0	0	0	0	0	0	0	0	0	0	0	0	0	0	0	0	0	0	0	0	0	0	0	0	0	0	0	0	0	0	0	0	0	0	0	0	0	0	0	0	0	0	0	0	0	0	0	0	0	0	0	0	0	0	0
7/4/2024	10:12:46.22  PM	10.00	0.410	4.095	49.618	1.605	4.095	626.177	4.095	302.876	0.000	95.512	0.000	0.000	2317	407	102	342	738	441	149	106	106	36	18	14	11	10	10	8	16	8	10	6	15	9	8	5	11	4	0	1	0	0	0	0	0	0	0	0	0	0	0	0	0	0	0	0	0	0	0	0	0	0	0	0	0	0	0	0	0	0	0	0	0	0	0	0	0	0	0	0	0	0	0	0	0	0	0	0	0	0	0	0	0	0	0	0	0	0	0	0	0	0	0	0	0	0	0	0	0	0	0
7/4/2024	10:12:56.22  PM	10.00	0.411	4.095	49.620	1.609	4.095	626.129	4.095	302.831	0.000	95.512	0.000	0.000	2350	406	112	339	715	460	129	89	95	44	23	11	9	6	3	7	5	10	9	3	11	6	2	7	6	3	3	0	0	1	0	0	0	0	0	0	0	0	0	0	0	0	0	0	0	0	0	0	0	0	0	0	0	0	0	0	0	0	0	0	0	0	0	0	0	0	0	0	0	0	0	0	0	0	0	0	0	0	0	0	0	0	0	0	0	0	0	0	0	0	0	0	0	0	0	0	0	0	0
7/4/2024	10:13:06.22  PM	10.00	0.411	4.095	49.624	1.610	4.095	626.111	4.095	302.855	0.000	95.511	0.000	0.000	2421	389	84	342	710	506	126	94	94	49	22	20	14	15	9	20	11	13	6	13	11	15	9	10	7	6	5	0	3	0	1	2	1	1	1	0	0	0	0	0	0	0	0	0	0	0	0	0	1	1	0	0	0	0	0	0	0	0	0	0	0	0	0	0	0	0	0	0	0	0	0	0	0	0	0	0	0	0	0	0	0	0	0	0	0	0	0	0	0	0	0	0	0	0	0	0	0	0	0
7/4/2024	10:13:16.22  PM	10.00	0.410	4.095	49.644	1.613	4.095	626.073	4.095	302.875	0.000	95.509	0.000	0.000	2391	458	101	325	782	509	158	96	118	44	24	12	8	13	7	5	17	5	9	6	3	9	6	4	6	3	2	2	0	1	0	0	0	0	0	0	0	0	0	0	0	0	0	0	0	0	0	0	1	0	0	0	0	0	0	0	0	0	0	0	0	0	0	0	0	0	0	0	0	0	0	0	0	0	0	0	0	0	0	0	0	0	0	0	0	0	0	0	0	0	0	0	0	0	0	0	0	0	0
7/4/2024	10:13:26.22  PM	10.00	0.410	4.095	49.645	1.610	4.095	626.219	4.095	302.876	0.000	95.512	0.000	0.000	2367	387	109	356	740	502	128	81	97	49	20	12	9	6	6	6	3	6	5	3	13	7	2	5	7	5	2	1	0	0	1	0	0	0	1	0	0	0	0	0	0	0	0	0	0	0	0	0	0	0	0	0	0	0	0	0	0	0	0	0	0	0	0	0	0	0	0	0	0	0	0	0	0	0	0	0	0	0	0	0	0	0	0	0	0	0	0	0	0	0	0	0	0	0	0	0	0	0	0
7/4/2024	10:13:36.22  PM	10.00	0.412	4.095	49.602	1.599	4.095	626.148	4.095	302.847	0.000	95.517	0.000	0.000	2428	445	96	334	716	498	161	94	105	58	17	12	12	5	9	9	9	10	6	8	6	5	4	3	3	7	4	0	0	0	0	0	0	0	0	0	0	0	0	0	0	0	0	0	0	0	0	0	0	0	0	0	0	0	0	0	0	0	0	0	0	0	0	0	0	0	0	0	0	0	0	0	0	0	0	0	0	0	0	0	0	0	0	0	0	0	0	0	0	0	0	0	0	0	0	0	0	0	0
