Date	Time	Accum.	Scatter	Current	Sample	Ref.	Temp.	Sheath	Diff.	Box	Purge	Pres.	Aux.	Flow	90.00	94.39	98.99	103.81	108.87	114.17	119.74	125.57	131.69	138.11	144.84	151.90	159.30	167.06	175.20	183.74	192.69	202.09	211.93	222.26	233.09	244.45	256.36	268.86	281.96	295.70	310.11	325.22	341.07	357.69	375.12	393.40	412.57	432.67	453.76	475.87	499.06	523.38	548.89	575.63	603.69	633.10	663.96	696.31	730.24	765.83	803.15	842.29	883.33	926.38	971.52	1018.87	1068.52	1120.59	1175.20	1232.46	1292.52	1355.51	1421.57	1490.84	1563.49	1639.68	1719.59	1803.38	1891.27	1983.43	2080.08	2181.45	2287.75	2399.24	2516.16	2638.77	2767.36	2902.22	3043.65	3191.97	3347.52	3510.65	3681.73	3861.14	4049.30	4246.63	4453.57	4670.60	4898.20	5136.90	5387.23	5649.75	5925.07	6213.81	6516.61	6834.18	7167.22	7516.48	7882.77	8266.91	8669.77	9092.25	9535.33
-	-	Secs	Volts	Volts	sccm	Volts	Volts	sccm	Volts	K	sccm	kPa	Volts	sccm	94.39	98.99	103.81	108.87	114.17	119.74	125.57	131.69	138.11	144.84	151.90	159.30	167.06	175.20	183.74	192.69	202.09	211.93	222.26	233.09	244.45	256.36	268.86	281.96	295.70	310.11	325.22	341.07	357.69	375.12	393.40	412.57	432.67	453.76	475.87	499.06	523.38	548.89	575.63	603.69	633.10	663.96	696.31	730.24	765.83	803.15	842.29	883.33	926.38	971.52	1018.87	1068.52	1120.59	1175.20	1232.46	1292.52	1355.51	1421.57	1490.84	1563.49	1639.68	1719.59	1803.38	1891.27	1983.43	2080.08	2181.45	2287.75	2399.24	2516.16	2638.77	2767.36	2902.22	3043.65	3191.97	3347.52	3510.65	3681.73	3861.14	4049.30	4246.63	4453.57	4670.60	4898.20	5136.90	5387.23	5649.75	5925.07	6213.81	6516.61	6834.18	7167.22	7516.48	7882.77	8266.91	8669.77	9092.25	9535.33	10000.00
7/5/2024	12:12:42.85  AM	10.00	3.953	4.054	49.138	1.547	4.054	627.210	4.054	299.781	0.000	94.699	0.000	0.000	212	159	129	88	57	40	29	22	20	6	8	9	13	18	20	29	58	58	87	147	136	223	244	251	388	384	324	306	273	217	175	124	70	60	94	83	115	117	138	157	167	149	171	176	230	307	467	749	1799	4198	4240	1878	1727	1898	1856	1707	1459	1273	1110	929	792	1334	1022	653	446	317	169	120	72	54	32	26	14	10	5	6	4	1	2	2	0	3	0	0	1	2	1	2	0	1	0	0	0	0	1	0	2	0	0
7/5/2024	12:12:52.85  AM	10.00	4.046	4.095	49.635	1.562	4.095	633.510	4.095	302.769	0.000	95.661	0.000	0.000	307	219	163	99	70	54	43	27	18	9	11	8	11	12	24	36	44	65	92	137	182	235	216	300	345	373	334	302	305	239	206	143	76	63	52	61	81	96	121	125	149	146	165	167	264	313	474	799	1813	4237	4219	1820	1699	1779	1796	1610	1498	1240	1031	898	764	1308	930	668	435	310	186	149	67	55	34	23	15	7	7	5	2	4	1	1	0	0	1	1	2	0	1	1	2	2	2	1	0	0	1	0	0	1	1
7/5/2024	12:13:02.85  AM	10.00	4.009	4.095	49.635	1.562	4.095	633.648	4.095	302.767	0.000	95.659	0.000	0.000	264	199	139	96	62	21	31	15	21	9	3	8	16	12	18	42	48	70	95	126	157	228	219	259	340	348	311	286	245	233	184	116	68	54	65	62	92	105	134	147	127	140	189	172	243	315	447	800	1830	4304	4209	1919	1708	1795	1842	1672	1542	1185	1059	863	787	1314	995	606	423	281	218	123	63	47	32	21	8	4	7	7	3	3	1	1	1	0	0	1	0	0	0	1	0	0	0	0	0	0	0	1	0	0	1
7/5/2024	12:13:12.85  AM	10.00	4.002	4.095	49.646	1.564	4.095	633.591	4.095	302.664	0.000	95.655	0.000	0.000	290	181	134	76	55	41	18	27	19	4	5	6	12	11	19	33	44	71	98	150	185	196	231	259	326	356	300	285	235	225	194	153	68	48	59	71	110	94	127	142	149	147	172	165	217	294	491	808	1854	4327	4150	1759	1702	1804	1769	1682	1417	1188	977	878	713	1181	954	629	428	286	174	130	74	58	23	28	11	10	5	5	3	2	1	0	1	1	0	0	2	1	0	0	0	1	1	0	1	0	0	0	0	0	1
7/5/2024	12:13:22.85  AM	10.00	4.030	4.095	49.632	1.568	4.095	633.643	4.095	302.678	0.000	95.659	0.000	0.000	255	218	124	91	70	30	23	22	20	11	6	3	6	16	18	37	46	75	110	142	159	194	237	278	318	393	338	301	265	224	189	135	83	56	53	70	80	103	103	109	129	155	163	161	216	304	500	847	1933	4201	4206	1891	1853	1824	1729	1610	1419	1187	962	887	730	1293	887	594	409	324	192	133	64	40	20	21	12	4	9	2	2	0	2	2	0	1	0	1	0	0	0	0	0	0	0	1	1	0	0	0	0	1	0
7/5/2024	12:13:32.85  AM	10.00	4.046	4.095	49.630	1.578	4.095	633.619	4.095	302.706	0.000	95.659	0.000	0.000	216	159	108	65	60	31	19	7	11	10	7	9	10	19	25	29	49	77	93	125	145	215	235	224	335	325	321	240	217	203	176	133	56	53	62	75	96	110	133	144	149	174	160	154	202	331	443	767	1906	4245	4211	1812	1730	1857	1790	1644	1476	1216	1077	924	734	1322	946	629	422	265	187	123	68	51	34	25	18	9	6	4	6	3	2	1	1	3	0	2	2	0	1	0	1	0	1	1	1	0	2	0	1	0	3
7/5/2024	12:13:42.85  AM	10.00	4.002	4.095	49.646	1.588	4.095	633.624	4.095	302.729	0.000	95.656	0.000	0.000	222	150	103	62	49	33	20	21	25	8	1	8	17	11	24	31	49	71	90	139	179	203	215	253	351	362	274	259	237	205	149	115	68	55	61	76	87	108	153	148	139	164	179	205	229	338	496	758	1912	4227	4227	1839	1761	1801	1724	1640	1479	1255	1029	835	703	1323	986	620	430	272	191	130	89	45	24	18	8	9	9	3	2	1	1	5	2	2	1	0	1	3	2	0	0	1	0	0	0	2	0	0	1	1	0
7/5/2024	12:13:52.85  AM	10.00	3.959	4.095	49.631	1.604	4.095	633.458	4.095	302.965	0.000	95.658	0.000	0.000	237	170	91	70	53	34	24	17	30	15	8	8	11	17	25	29	50	71	91	124	166	181	246	245	335	330	320	269	253	239	191	125	76	54	55	64	88	94	114	149	140	131	163	184	204	311	476	791	1792	4242	4288	1700	1746	1754	1804	1604	1496	1243	1042	903	745	1351	984	627	408	271	214	137	82	54	30	17	18	15	5	5	5	1	1	2	4	2	0	4	0	1	1	2	1	2	1	0	0	0	0	0	0	2	0
7/5/2024	12:14:02.86  AM	10.00	4.056	4.095	49.629	1.609	4.095	633.534	4.095	303.137	0.000	95.659	0.000	0.000	275	182	122	85	48	30	28	15	16	9	7	6	15	16	22	27	42	74	90	129	152	208	226	252	314	371	285	267	250	206	146	111	69	61	60	62	86	110	138	124	162	159	161	180	200	325	473	749	1850	3988	4235	1786	1822	1783	1731	1687	1484	1254	1089	915	804	1402	1004	667	466	308	200	121	85	50	31	18	13	9	6	4	1	1	4	2	1	4	2	2	0	0	1	0	0	0	1	1	0	2	1	1	1	0	0
7/5/2024	12:14:12.85  AM	10.00	4.032	4.095	49.647	1.612	4.095	633.505	4.095	303.017	0.000	95.660	0.000	0.000	233	153	116	61	48	29	30	18	21	12	6	8	9	15	23	23	44	58	106	143	170	222	202	242	363	358	299	287	225	218	147	126	77	56	47	67	102	94	117	149	147	145	159	161	222	317	464	799	1896	4244	4199	1758	1695	1778	1805	1684	1529	1236	1080	900	813	1389	987	641	428	321	213	128	69	42	33	16	19	10	7	8	2	1	1	1	1	2	1	1	1	0	0	0	0	0	0	0	1	0	1	0	1	0	0
7/5/2024	12:14:22.85  AM	10.00	4.019	4.095	49.641	1.617	4.095	633.472	4.095	302.984	0.000	95.664	0.000	0.000	279	192	113	86	46	29	29	14	17	10	8	12	13	14	25	41	49	56	95	154	156	235	225	274	356	355	290	314	250	205	166	119	77	37	51	50	78	80	95	113	142	131	152	154	209	282	475	843	1848	4254	4153	1775	1700	1768	1797	1692	1482	1255	1054	889	837	1347	979	667	463	319	200	143	81	47	25	20	13	12	3	1	1	4	4	0	0	1	1	1	0	3	2	0	1	1	1	0	0	3	1	1	0	1	0
