Date	Time	Accum.	Scatter	Current	Sample	Ref.	Temp.	Sheath	Diff.	Box	Purge	Pres.	Aux.	Flow	90.00	94.39	98.99	103.81	108.87	114.17	119.74	125.57	131.69	138.11	144.84	151.90	159.30	167.06	175.20	183.74	192.69	202.09	211.93	222.26	233.09	244.45	256.36	268.86	281.96	295.70	310.11	325.22	341.07	357.69	375.12	393.40	412.57	432.67	453.76	475.87	499.06	523.38	548.89	575.63	603.69	633.10	663.96	696.31	730.24	765.83	803.15	842.29	883.33	926.38	971.52	1018.87	1068.52	1120.59	1175.20	1232.46	1292.52	1355.51	1421.57	1490.84	1563.49	1639.68	1719.59	1803.38	1891.27	1983.43	2080.08	2181.45	2287.75	2399.24	2516.16	2638.77	2767.36	2902.22	3043.65	3191.97	3347.52	3510.65	3681.73	3861.14	4049.30	4246.63	4453.57	4670.60	4898.20	5136.90	5387.23	5649.75	5925.07	6213.81	6516.61	6834.18	7167.22	7516.48	7882.77	8266.91	8669.77	9092.25	9535.33
-	-	Secs	Volts	Volts	sccm	Volts	Volts	sccm	Volts	K	sccm	kPa	Volts	sccm	94.39	98.99	103.81	108.87	114.17	119.74	125.57	131.69	138.11	144.84	151.90	159.30	167.06	175.20	183.74	192.69	202.09	211.93	222.26	233.09	244.45	256.36	268.86	281.96	295.70	310.11	325.22	341.07	357.69	375.12	393.40	412.57	432.67	453.76	475.87	499.06	523.38	548.89	575.63	603.69	633.10	663.96	696.31	730.24	765.83	803.15	842.29	883.33	926.38	971.52	1018.87	1068.52	1120.59	1175.20	1232.46	1292.52	1355.51	1421.57	1490.84	1563.49	1639.68	1719.59	1803.38	1891.27	1983.43	2080.08	2181.45	2287.75	2399.24	2516.16	2638.77	2767.36	2902.22	3043.65	3191.97	3347.52	3510.65	3681.73	3861.14	4049.30	4246.63	4453.57	4670.60	4898.20	5136.90	5387.23	5649.75	5925.07	6213.81	6516.61	6834.18	7167.22	7516.48	7882.77	8266.91	8669.77	9092.25	9535.33	10000.00
7/4/2024	03:01:33.15  PM	10.00	2.567	4.054	49.130	1.660	4.054	633.783	4.054	299.143	0.000	94.383	0.000	0.000	118	110	105	91	89	94	66	74	73	63	51	102	117	202	365	699	1430	2456	3973	6259	8480	9592	8616	6115	6630	5785	3463	2455	1769	1108	807	500	245	120	105	79	87	50	35	33	23	10	12	10	3	9	2	3	1	1	0	0	0	0	0	0	0	0	0	0	0	0	0	0	0	0	0	0	0	0	0	0	0	0	0	0	0	0	0	0	0	0	0	0	0	0	0	0	0	0	0	0	0	0	0	0	0	0	0
7/4/2024	03:01:43.15  PM	10.00	2.574	4.095	49.615	1.667	4.095	639.930	4.095	302.131	0.000	95.333	0.000	0.000	112	111	120	79	93	89	71	74	84	72	75	81	128	209	368	703	1460	2598	4144	6224	8414	9713	8555	6048	6599	5866	3637	2514	1767	1132	791	483	215	109	101	83	61	55	34	24	23	13	5	7	6	2	1	0	0	1	0	0	0	0	0	0	0	0	0	0	0	0	0	0	0	0	0	0	0	0	0	0	0	0	0	0	0	0	0	0	0	0	0	0	0	0	0	0	0	0	0	0	0	0	0	0	0	0	0
7/4/2024	03:01:53.15  PM	10.00	2.416	4.095	49.633	1.664	4.095	639.939	4.095	302.230	0.000	95.339	0.000	0.000	134	120	114	98	82	64	94	74	75	64	61	82	134	212	396	762	1423	2499	4053	6132	8422	9844	8586	6127	6769	5820	3636	2611	1693	1188	762	493	268	114	100	86	60	66	37	23	20	13	14	7	2	4	1	0	0	0	0	0	0	0	0	0	0	0	0	0	0	0	0	0	0	0	0	0	0	0	0	0	0	0	0	0	0	0	0	0	0	0	0	0	0	0	0	0	0	0	0	0	0	0	0	0	0	0	0
7/4/2024	03:02:03.15  PM	10.00	2.508	4.095	49.642	1.663	4.095	640.034	4.095	302.279	0.000	95.330	0.000	0.000	132	113	110	98	75	78	79	60	79	64	51	69	130	218	362	721	1401	2341	3920	5985	8508	9612	8551	6190	6505	5758	3417	2482	1702	1218	754	498	208	120	120	82	68	51	31	31	19	18	6	6	5	3	4	0	0	0	0	0	0	1	0	0	0	0	0	0	0	0	0	0	0	0	0	0	0	0	0	0	0	0	0	0	0	0	0	0	0	0	0	0	0	0	0	0	0	0	0	0	0	0	0	0	0	0	0
7/4/2024	03:02:13.15  PM	10.00	2.565	4.095	49.611	1.660	4.095	639.944	4.095	302.239	0.000	95.336	0.000	0.000	156	137	124	104	96	90	78	72	78	55	57	90	129	229	382	768	1454	2397	4189	6161	8480	9749	8472	5992	6395	5780	3540	2419	1641	1181	781	494	236	141	113	72	66	55	35	34	22	22	8	7	7	3	0	1	3	1	0	0	0	0	0	0	0	0	0	0	0	0	0	0	0	0	0	0	0	0	0	0	0	0	0	0	0	0	0	0	0	0	0	0	0	0	0	0	0	0	0	0	0	0	0	0	0	0	0
7/4/2024	03:02:23.15  PM	10.00	2.529	4.095	49.643	1.655	4.095	639.920	4.095	302.150	0.000	95.332	0.000	0.000	112	119	112	103	91	77	80	78	71	66	68	96	125	203	408	722	1420	2446	3967	6165	8314	9804	8802	6251	6843	5858	3664	2452	1686	1211	731	518	214	147	111	67	70	52	44	29	23	13	10	7	5	5	1	3	2	1	0	0	0	0	0	0	0	0	0	0	0	0	0	0	0	0	0	0	0	0	0	0	0	0	0	0	0	0	0	0	0	0	0	0	0	0	0	0	0	0	0	0	0	0	0	0	0	0	0
7/4/2024	03:02:33.15  PM	10.00	2.511	4.095	49.621	1.651	4.095	639.881	4.095	302.147	0.000	95.332	0.000	0.000	180	125	125	116	108	89	63	75	98	67	65	79	114	231	362	728	1437	2422	4193	6038	8400	9528	8407	6059	6640	5746	3552	2471	1689	1143	793	507	242	134	89	75	74	51	36	35	17	13	7	8	5	11	2	3	2	1	1	0	0	0	0	0	0	0	0	0	0	0	0	0	0	0	0	0	0	0	0	0	0	0	0	0	0	0	0	0	0	0	0	0	0	0	0	0	0	0	0	0	0	0	0	0	0	0	0
7/4/2024	03:02:43.15  PM	10.00	2.557	4.095	49.646	1.646	4.095	639.954	4.095	302.201	0.000	95.337	0.000	0.000	136	132	112	109	105	86	93	64	80	59	69	101	125	202	386	753	1469	2338	4110	6114	8395	9973	8600	6205	6829	5784	3634	2513	1657	1137	818	497	245	135	93	86	68	47	31	24	21	15	9	6	1	2	3	0	0	1	0	0	0	0	0	0	0	0	0	0	0	0	0	0	0	0	0	0	0	0	0	0	0	0	0	0	0	0	0	0	0	0	0	0	0	0	0	0	0	0	0	0	0	0	0	0	0	0	0
7/4/2024	03:02:53.15  PM	10.00	2.520	4.095	49.622	1.643	4.095	639.929	4.095	302.197	0.000	95.333	0.000	0.000	172	160	148	123	97	86	72	72	82	71	78	90	132	215	391	751	1436	2515	4259	6192	8346	9508	8405	6000	6617	5856	3420	2420	1688	1172	711	483	228	112	97	83	66	46	33	35	25	16	12	10	5	1	1	2	0	1	0	0	0	0	0	0	0	0	0	0	0	0	0	0	0	0	0	0	0	0	0	0	0	0	0	0	0	0	0	0	0	0	0	0	0	0	0	0	0	0	0	0	0	0	0	0	0	0	0
7/4/2024	03:03:03.15  PM	10.00	2.568	4.095	49.636	1.641	4.095	639.891	4.095	302.260	0.000	95.333	0.000	0.000	152	151	130	96	97	101	73	88	78	80	57	89	122	245	420	808	1431	2497	4142	6198	8498	9700	8498	6064	6757	5841	3523	2454	1773	1119	766	516	224	109	106	67	53	46	27	32	30	8	5	7	1	6	2	1	1	0	0	0	0	0	0	0	0	0	0	0	0	0	0	0	0	0	0	0	0	0	0	0	0	0	0	0	0	0	0	0	0	0	0	0	0	0	0	0	0	0	0	0	0	0	0	0	0	0	0
7/4/2024	03:03:13.15  PM	10.00	2.517	4.095	49.630	1.641	4.095	639.801	4.095	302.336	0.000	95.332	0.000	0.000	153	130	142	131	112	88	79	80	84	59	56	85	149	206	399	755	1460	2493	4130	6072	8253	9644	8631	5999	6616	5612	3563	2464	1794	1166	789	479	198	114	110	70	60	56	51	23	25	18	5	8	6	4	0	3	1	3	0	0	0	0	0	0	0	0	0	0	0	0	0	0	0	0	0	0	0	0	0	0	0	0	0	0	0	0	0	0	0	0	0	0	0	0	0	0	0	0	0	0	0	0	0	0	0	0	0
