Date	Time	Accum.	Scatter	Current	Sample	Ref.	Temp.	Sheath	Diff.	Box	Purge	Pres.	Aux.	Flow	90.00	94.39	98.99	103.81	108.87	114.17	119.74	125.57	131.69	138.11	144.84	151.90	159.30	167.06	175.20	183.74	192.69	202.09	211.93	222.26	233.09	244.45	256.36	268.86	281.96	295.70	310.11	325.22	341.07	357.69	375.12	393.40	412.57	432.67	453.76	475.87	499.06	523.38	548.89	575.63	603.69	633.10	663.96	696.31	730.24	765.83	803.15	842.29	883.33	926.38	971.52	1018.87	1068.52	1120.59	1175.20	1232.46	1292.52	1355.51	1421.57	1490.84	1563.49	1639.68	1719.59	1803.38	1891.27	1983.43	2080.08	2181.45	2287.75	2399.24	2516.16	2638.77	2767.36	2902.22	3043.65	3191.97	3347.52	3510.65	3681.73	3861.14	4049.30	4246.63	4453.57	4670.60	4898.20	5136.90	5387.23	5649.75	5925.07	6213.81	6516.61	6834.18	7167.22	7516.48	7882.77	8266.91	8669.77	9092.25	9535.33
-	-	Secs	Volts	Volts	sccm	Volts	Volts	sccm	Volts	K	sccm	kPa	Volts	sccm	94.39	98.99	103.81	108.87	114.17	119.74	125.57	131.69	138.11	144.84	151.90	159.30	167.06	175.20	183.74	192.69	202.09	211.93	222.26	233.09	244.45	256.36	268.86	281.96	295.70	310.11	325.22	341.07	357.69	375.12	393.40	412.57	432.67	453.76	475.87	499.06	523.38	548.89	575.63	603.69	633.10	663.96	696.31	730.24	765.83	803.15	842.29	883.33	926.38	971.52	1018.87	1068.52	1120.59	1175.20	1232.46	1292.52	1355.51	1421.57	1490.84	1563.49	1639.68	1719.59	1803.38	1891.27	1983.43	2080.08	2181.45	2287.75	2399.24	2516.16	2638.77	2767.36	2902.22	3043.65	3191.97	3347.52	3510.65	3681.73	3861.14	4049.30	4246.63	4453.57	4670.60	4898.20	5136.90	5387.23	5649.75	5925.07	6213.81	6516.61	6834.18	7167.22	7516.48	7882.77	8266.91	8669.77	9092.25	9535.33	10000.00
7/4/2024	10:07:53.92  PM	10.00	4.059	4.095	49.626	1.567	4.095	630.745	4.095	303.019	0.000	95.498	0.000	0.000	237	186	108	87	56	35	21	28	30	25	11	17	21	49	40	73	101	138	164	178	231	252	255	284	315	356	263	259	224	189	159	114	65	49	47	62	80	102	165	242	443	857	1572	2636	3969	5043	4999	3774	3120	2463	1229	441	405	321	308	279	276	206	211	171	172	305	250	170	119	57	39	36	16	10	9	5	5	4	2	2	5	5	0	3	1	0	2	3	2	0	1	0	0	0	0	0	0	0	0	0	0	1	0
7/4/2024	10:08:03.92  PM	10.00	4.079	4.095	49.637	1.565	4.095	630.835	4.095	302.994	0.000	95.499	0.000	0.000	225	154	101	68	49	32	30	28	34	25	18	19	29	38	64	67	112	136	155	185	219	252	281	280	349	316	251	225	214	184	136	121	68	58	60	60	75	108	148	256	451	832	1539	2713	3943	5060	5072	3826	3244	2454	1270	477	389	387	335	283	286	261	221	191	149	295	229	145	114	69	39	30	23	16	10	10	6	3	7	3	4	3	0	1	1	2	1	0	0	1	0	0	0	2	0	0	1	0	2	1	0	0	0
7/4/2024	10:08:13.92  PM	10.00	4.027	4.095	49.642	1.558	4.095	630.816	4.095	303.078	0.000	95.503	0.000	0.000	298	223	144	95	68	48	21	34	29	20	14	30	27	38	49	75	93	122	136	203	215	218	261	256	321	312	280	240	212	166	161	107	63	46	41	57	78	103	114	247	436	769	1620	2534	3943	4979	4958	3843	3161	2496	1298	481	376	343	319	274	268	245	244	202	155	277	250	172	95	55	52	35	19	6	10	7	2	2	4	4	0	4	1	0	7	2	3	0	2	2	1	2	0	1	0	0	0	1	1	0	1	0	1
7/4/2024	10:08:23.92  PM	10.00	4.068	4.095	49.615	1.558	4.095	630.911	4.095	303.179	0.000	95.499	0.000	0.000	242	161	126	77	56	31	33	20	21	20	21	18	32	48	48	73	102	147	164	201	232	225	267	265	315	301	262	240	204	176	145	109	64	38	56	49	77	87	128	248	438	801	1561	2649	3945	5105	4943	3835	3084	2406	1256	415	371	384	323	296	250	232	202	206	169	312	243	174	103	94	50	25	14	14	17	8	2	5	5	8	7	5	1	4	1	0	1	1	1	1	1	1	0	1	0	0	2	1	0	0	1	0	1
7/4/2024	10:08:33.92  PM	10.00	4.020	4.095	49.625	1.562	4.095	630.849	4.095	303.095	0.000	95.506	0.000	0.000	226	183	114	72	66	33	27	27	24	19	13	21	29	30	55	72	114	119	167	167	246	248	214	250	293	283	263	252	217	153	127	124	66	39	60	55	72	94	156	253	447	871	1532	2682	3948	5190	4961	3841	3153	2351	1278	420	364	359	316	290	277	242	226	171	167	266	251	162	96	58	40	29	25	12	12	7	8	6	1	2	2	3	1	0	2	2	1	2	0	1	0	1	0	1	1	0	1	0	0	0	0	1	0
7/4/2024	10:08:43.92  PM	10.00	4.027	4.095	49.635	1.565	4.095	630.697	4.095	303.159	0.000	95.501	0.000	0.000	265	169	128	90	54	40	32	21	30	23	17	28	24	48	47	68	95	132	177	206	219	249	215	256	297	296	244	252	218	168	145	133	64	42	45	52	70	96	139	257	435	747	1530	2599	3997	5114	5221	3916	3130	2446	1294	407	387	324	340	344	261	256	223	187	167	297	240	152	104	61	51	17	23	12	9	9	7	3	5	3	6	3	1	0	1	0	0	2	1	0	0	0	0	2	0	2	0	0	0	0	0	0	0
7/4/2024	10:08:53.92  PM	10.00	4.045	4.095	49.632	1.568	4.095	630.612	4.095	303.189	0.000	95.504	0.000	0.000	249	182	113	86	61	40	23	28	22	17	15	14	26	58	55	66	80	115	152	195	206	216	231	272	333	270	271	216	211	167	115	122	61	36	46	49	64	105	130	231	465	866	1514	2645	4013	5059	5063	3854	3218	2487	1315	464	392	373	343	287	280	229	202	184	158	291	234	157	109	85	38	25	22	7	7	6	5	3	7	4	4	1	2	3	1	1	0	0	0	0	1	1	0	0	0	1	1	0	0	0	0	0	0
7/4/2024	10:09:03.92  PM	10.00	4.037	4.095	49.634	1.572	4.095	630.560	4.095	303.041	0.000	95.509	0.000	0.000	227	179	102	84	51	46	15	20	27	15	17	23	28	55	51	76	98	124	170	177	227	264	246	249	307	299	256	252	212	167	144	104	54	37	36	37	69	90	136	246	472	828	1635	2607	3782	4998	4975	3725	3171	2415	1307	420	373	348	288	255	261	248	221	175	171	272	227	165	107	86	37	29	17	8	6	5	8	6	1	5	2	2	2	2	3	1	1	0	2	0	0	1	1	0	0	0	0	0	0	0	0	0	0
7/4/2024	10:09:13.92  PM	10.00	4.054	4.095	49.629	1.575	4.095	630.456	4.095	303.048	0.000	95.504	0.000	0.000	252	172	121	75	53	37	23	27	32	21	23	17	35	38	59	69	93	129	132	194	226	238	272	275	316	339	276	218	212	180	135	100	74	38	46	58	55	87	130	209	438	756	1445	2476	3726	4940	4971	3897	3237	2352	1298	437	358	347	296	280	276	230	194	180	181	272	246	182	89	74	42	35	21	14	4	5	7	6	0	9	2	7	2	0	1	3	0	0	0	2	1	0	0	0	0	0	0	0	0	0	1	0	0
7/4/2024	10:09:23.92  PM	10.00	4.020	4.095	49.637	1.577	4.095	630.389	4.095	303.144	0.000	95.508	0.000	0.000	213	165	102	52	53	25	28	23	30	32	13	18	16	35	52	74	110	113	172	184	218	242	247	261	317	319	248	217	212	176	147	118	66	38	47	56	63	91	140	238	421	830	1503	2520	3786	4921	4938	3968	3241	2336	1273	425	369	374	317	320	265	247	213	194	175	311	221	141	112	72	35	34	9	12	10	4	5	2	4	5	0	1	2	4	2	3	2	0	1	0	0	0	0	0	0	0	2	1	0	0	2	0	0
7/4/2024	10:09:33.92  PM	10.00	4.079	4.095	49.623	1.581	4.095	630.460	4.095	303.166	0.000	95.502	0.000	0.000	256	173	118	73	45	37	25	22	31	19	13	14	26	28	49	79	100	131	157	175	205	239	234	271	280	318	277	247	201	176	128	108	62	37	51	53	78	82	133	239	456	817	1462	2477	3796	4891	5150	4008	3266	2480	1281	429	376	335	303	336	263	239	223	189	162	325	244	148	111	60	45	26	17	17	8	6	4	4	8	4	0	6	1	1	1	2	0	0	1	0	0	0	1	1	0	1	1	0	3	0	0	0	1
