Date	Time	Accum.	Scatter	Current	Sample	Ref.	Temp.	Sheath	Diff.	Box	Purge	Pres.	Aux.	Flow	90.00	94.39	98.99	103.81	108.87	114.17	119.74	125.57	131.69	138.11	144.84	151.90	159.30	167.06	175.20	183.74	192.69	202.09	211.93	222.26	233.09	244.45	256.36	268.86	281.96	295.70	310.11	325.22	341.07	357.69	375.12	393.40	412.57	432.67	453.76	475.87	499.06	523.38	548.89	575.63	603.69	633.10	663.96	696.31	730.24	765.83	803.15	842.29	883.33	926.38	971.52	1018.87	1068.52	1120.59	1175.20	1232.46	1292.52	1355.51	1421.57	1490.84	1563.49	1639.68	1719.59	1803.38	1891.27	1983.43	2080.08	2181.45	2287.75	2399.24	2516.16	2638.77	2767.36	2902.22	3043.65	3191.97	3347.52	3510.65	3681.73	3861.14	4049.30	4246.63	4453.57	4670.60	4898.20	5136.90	5387.23	5649.75	5925.07	6213.81	6516.61	6834.18	7167.22	7516.48	7882.77	8266.91	8669.77	9092.25	9535.33
-	-	Secs	Volts	Volts	sccm	Volts	Volts	sccm	Volts	K	sccm	kPa	Volts	sccm	94.39	98.99	103.81	108.87	114.17	119.74	125.57	131.69	138.11	144.84	151.90	159.30	167.06	175.20	183.74	192.69	202.09	211.93	222.26	233.09	244.45	256.36	268.86	281.96	295.70	310.11	325.22	341.07	357.69	375.12	393.40	412.57	432.67	453.76	475.87	499.06	523.38	548.89	575.63	603.69	633.10	663.96	696.31	730.24	765.83	803.15	842.29	883.33	926.38	971.52	1018.87	1068.52	1120.59	1175.20	1232.46	1292.52	1355.51	1421.57	1490.84	1563.49	1639.68	1719.59	1803.38	1891.27	1983.43	2080.08	2181.45	2287.75	2399.24	2516.16	2638.77	2767.36	2902.22	3043.65	3191.97	3347.52	3510.65	3681.73	3861.14	4049.30	4246.63	4453.57	4670.60	4898.20	5136.90	5387.23	5649.75	5925.07	6213.81	6516.61	6834.18	7167.22	7516.48	7882.77	8266.91	8669.77	9092.25	9535.33	10000.00
7/4/2024	04:56:45.07  PM	10.00	0.432	4.054	49.133	1.643	4.054	622.428	4.054	300.303	0.000	94.384	0.000	0.000	1679	349	228	688	808	345	125	134	97	45	22	14	5	11	17	15	24	28	31	62	61	74	67	40	55	47	30	15	9	4	8	1	0	1	0	0	0	0	0	0	0	0	0	0	1	0	0	0	0	0	0	0	0	0	0	0	0	0	0	0	0	0	0	0	0	0	0	0	0	0	0	0	0	0	0	0	0	0	0	0	0	0	0	0	0	0	0	0	0	0	0	0	0	0	0	0	0	0	0
7/4/2024	04:56:55.07  PM	10.00	0.428	4.095	49.634	1.632	4.095	628.388	4.095	303.354	0.000	95.331	0.000	0.000	1995	383	207	795	1045	442	141	150	98	43	25	13	11	9	6	13	21	11	10	14	12	9	12	6	9	7	3	1	0	0	0	0	0	0	0	0	0	0	0	0	0	0	0	0	0	0	0	0	0	0	0	0	0	0	0	0	0	0	0	0	0	0	0	0	0	0	0	0	0	0	0	0	0	0	0	0	0	0	0	0	0	0	0	0	0	0	0	0	0	0	0	0	0	0	0	0	0	0	0
7/4/2024	04:57:05.08  PM	10.00	0.433	4.095	49.633	1.636	4.095	628.865	4.095	303.378	0.000	95.336	0.000	0.000	2025	374	183	767	1044	510	128	123	114	61	27	9	12	14	6	19	16	16	7	6	9	8	6	4	5	2	1	0	1	0	0	0	0	0	0	0	0	0	0	0	0	0	0	0	0	0	0	0	0	0	0	0	0	0	0	0	0	0	1	0	0	0	0	0	0	0	0	0	0	0	0	0	0	0	0	0	0	0	0	0	0	0	0	0	0	0	0	0	0	0	0	0	0	0	0	0	0	0	0
7/4/2024	04:57:15.08  PM	10.00	0.428	4.095	49.636	1.646	4.095	628.752	4.095	303.404	0.000	95.331	0.000	0.000	2003	392	221	736	982	459	147	144	109	44	30	19	15	13	9	16	8	13	6	9	8	12	8	7	5	5	5	4	0	0	0	0	0	0	0	0	0	0	0	0	0	0	0	0	0	0	0	0	0	0	0	0	0	0	0	0	0	0	0	0	0	0	0	0	0	0	0	0	0	0	0	0	0	0	0	0	0	0	0	0	0	0	0	0	0	0	0	0	0	0	0	0	0	0	0	0	0	0	0
7/4/2024	04:57:25.08  PM	10.00	0.435	4.095	49.630	1.656	4.095	628.837	4.095	303.401	0.000	95.329	0.000	0.000	2000	358	188	735	1052	527	140	127	127	38	26	20	10	12	14	10	10	14	8	16	7	5	8	5	5	5	2	2	1	0	2	0	0	0	0	0	0	0	0	0	0	0	0	0	0	0	0	0	0	0	0	0	0	0	0	0	0	0	0	0	0	0	0	0	0	0	0	0	0	0	0	0	0	0	0	0	0	0	0	0	0	0	0	0	0	0	0	0	0	0	0	0	0	0	0	0	0	0	0
7/4/2024	04:57:35.08  PM	10.00	0.429	4.095	49.628	1.659	4.095	628.657	4.095	303.420	0.000	95.329	0.000	0.000	2096	366	177	750	951	447	152	153	113	41	31	18	6	11	8	13	14	11	9	7	6	6	7	7	9	2	3	0	1	1	0	0	0	0	0	0	0	0	0	0	0	0	0	0	0	0	0	0	0	0	0	0	0	0	0	0	0	0	0	0	0	0	0	0	0	0	0	0	0	0	0	0	0	0	0	0	0	0	0	0	0	0	0	0	0	0	0	0	0	0	0	0	0	0	0	0	0	0	0
7/4/2024	04:57:45.07  PM	10.00	0.427	4.095	49.627	1.659	4.095	628.402	4.095	303.385	0.000	95.329	0.000	0.000	1951	372	211	719	1004	474	143	154	109	46	27	14	10	8	13	11	16	11	5	13	5	10	12	5	10	4	2	2	1	0	0	0	0	0	0	0	0	0	0	0	0	0	0	0	0	0	0	0	0	0	0	0	0	0	0	0	0	0	0	0	0	0	0	0	0	0	0	0	0	0	0	0	0	0	0	0	0	0	0	0	0	0	0	0	0	0	0	0	0	0	0	0	0	0	0	0	0	0	0
7/4/2024	04:57:55.08  PM	10.00	0.426	4.095	49.638	1.658	4.095	628.529	4.095	303.345	0.000	95.333	0.000	0.000	2010	348	161	666	963	443	147	152	86	39	28	17	12	7	15	19	16	10	12	16	9	11	16	8	11	8	2	0	0	0	0	0	0	0	0	0	0	0	0	0	0	0	0	0	0	0	0	0	0	0	0	0	0	0	0	0	0	0	0	0	0	0	0	0	0	0	0	0	0	0	0	0	0	0	0	0	0	0	0	0	0	0	0	0	0	0	0	0	0	0	0	0	0	0	0	0	0	0	0
7/4/2024	04:58:05.08  PM	10.00	0.421	4.095	49.624	1.658	4.095	628.449	4.095	303.194	0.000	95.334	0.000	0.000	2060	391	243	729	1006	456	143	141	96	45	27	17	12	20	11	12	13	10	12	12	8	5	9	6	19	10	6	2	0	0	0	0	0	0	0	0	0	0	0	0	0	0	0	0	0	0	0	0	0	0	0	0	0	0	0	0	0	0	0	0	0	0	0	0	0	0	0	0	0	0	0	0	0	0	0	0	0	0	0	0	0	0	0	0	0	0	0	0	0	0	0	0	0	0	0	0	0	0	0
7/4/2024	04:58:15.08  PM	10.00	0.421	4.095	49.630	1.662	4.095	628.548	4.095	303.100	0.000	95.334	0.000	0.000	2150	397	179	691	1006	485	152	128	130	53	35	17	10	11	15	20	10	8	9	9	7	9	9	3	8	5	5	2	0	0	0	0	0	0	0	0	0	0	0	0	0	0	0	0	0	0	0	0	0	0	0	0	0	0	0	0	0	0	0	0	0	0	0	0	0	0	0	0	0	0	0	0	0	0	0	0	0	0	0	0	0	0	0	0	0	0	0	0	0	0	0	0	0	0	0	0	0	0	0
7/4/2024	04:58:25.08  PM	10.00	0.420	4.095	49.622	1.664	4.095	628.653	4.095	303.052	0.000	95.335	0.000	0.000	2064	358	197	720	992	481	163	131	114	73	35	25	9	6	12	12	9	16	8	11	6	11	7	7	9	2	3	0	1	0	0	0	0	0	0	0	0	0	0	0	0	0	0	0	0	0	0	0	0	0	0	0	0	0	0	0	0	0	0	0	0	0	0	0	0	0	0	0	0	0	0	0	0	0	0	0	0	0	0	0	0	0	0	0	0	0	0	0	0	0	0	0	0	0	0	0	0	0	0
