Date	Time	Accum.	Scatter	Current	Sample	Ref.	Temp.	Sheath	Diff.	Box	Purge	Pres.	Aux.	Flow	90.00	94.39	98.99	103.81	108.87	114.17	119.74	125.57	131.69	138.11	144.84	151.90	159.30	167.06	175.20	183.74	192.69	202.09	211.93	222.26	233.09	244.45	256.36	268.86	281.96	295.70	310.11	325.22	341.07	357.69	375.12	393.40	412.57	432.67	453.76	475.87	499.06	523.38	548.89	575.63	603.69	633.10	663.96	696.31	730.24	765.83	803.15	842.29	883.33	926.38	971.52	1018.87	1068.52	1120.59	1175.20	1232.46	1292.52	1355.51	1421.57	1490.84	1563.49	1639.68	1719.59	1803.38	1891.27	1983.43	2080.08	2181.45	2287.75	2399.24	2516.16	2638.77	2767.36	2902.22	3043.65	3191.97	3347.52	3510.65	3681.73	3861.14	4049.30	4246.63	4453.57	4670.60	4898.20	5136.90	5387.23	5649.75	5925.07	6213.81	6516.61	6834.18	7167.22	7516.48	7882.77	8266.91	8669.77	9092.25	9535.33
-	-	Secs	Volts	Volts	sccm	Volts	Volts	sccm	Volts	K	sccm	kPa	Volts	sccm	94.39	98.99	103.81	108.87	114.17	119.74	125.57	131.69	138.11	144.84	151.90	159.30	167.06	175.20	183.74	192.69	202.09	211.93	222.26	233.09	244.45	256.36	268.86	281.96	295.70	310.11	325.22	341.07	357.69	375.12	393.40	412.57	432.67	453.76	475.87	499.06	523.38	548.89	575.63	603.69	633.10	663.96	696.31	730.24	765.83	803.15	842.29	883.33	926.38	971.52	1018.87	1068.52	1120.59	1175.20	1232.46	1292.52	1355.51	1421.57	1490.84	1563.49	1639.68	1719.59	1803.38	1891.27	1983.43	2080.08	2181.45	2287.75	2399.24	2516.16	2638.77	2767.36	2902.22	3043.65	3191.97	3347.52	3510.65	3681.73	3861.14	4049.30	4246.63	4453.57	4670.60	4898.20	5136.90	5387.23	5649.75	5925.07	6213.81	6516.61	6834.18	7167.22	7516.48	7882.77	8266.91	8669.77	9092.25	9535.33	10000.00
7/4/2024	08:00:58.08  PM	10.00	4.054	4.054	49.130	1.566	4.054	630.802	4.054	300.733	0.000	94.365	0.000	0.000	202	176	116	99	62	35	41	35	32	17	19	28	38	28	30	26	24	33	26	29	25	20	15	13	27	18	24	26	20	28	66	268	535	742	1250	1995	3095	4251	5416	6373	6211	5063	3465	2377	1843	1535	1228	965	939	836	410	124	99	90	76	67	55	46	52	45	32	57	40	33	27	19	6	9	8	4	0	7	3	2	0	0	0	0	1	1	0	0	0	0	0	0	0	0	0	0	0	0	0	0	0	0	0	0	0
7/4/2024	08:01:08.08  PM	10.00	4.095	4.095	49.630	1.575	4.095	637.139	4.095	303.681	0.000	95.319	0.000	0.000	206	170	147	85	67	64	51	40	44	31	27	24	32	29	39	33	32	27	20	28	27	21	21	18	19	18	13	25	26	22	59	229	510	706	1187	1940	2937	4067	5399	6257	6391	5048	3432	2395	1736	1455	1228	933	901	705	395	109	113	84	84	72	55	53	41	47	43	62	57	35	30	18	11	8	5	3	0	3	2	2	0	2	0	0	1	0	0	0	0	1	0	0	0	0	0	0	0	0	0	0	1	0	0	0	0
7/4/2024	08:01:18.08  PM	10.00	4.089	4.095	49.624	1.578	4.095	637.306	4.095	303.670	0.000	95.314	0.000	0.000	173	126	84	58	56	40	41	42	42	40	25	31	29	29	33	26	40	26	19	17	24	20	18	17	23	13	18	18	26	29	71	295	533	813	1332	2069	2955	4355	5535	6424	6268	5064	3284	2411	1792	1499	1197	947	1026	813	385	110	101	85	80	61	58	54	45	35	26	49	45	32	34	28	19	10	8	5	3	1	2	1	0	0	0	1	0	0	1	0	0	1	0	0	0	0	0	0	0	1	0	0	0	0	0	0	0
7/4/2024	08:01:28.08  PM	10.00	4.095	4.095	49.617	1.575	4.095	637.206	4.095	303.674	0.000	95.319	0.000	0.000	197	139	112	88	60	51	33	42	46	30	26	27	29	24	37	20	36	17	31	19	22	20	14	18	20	18	21	23	22	32	56	273	535	768	1338	2084	3088	4314	5681	6438	6323	4846	3372	2384	1901	1491	1176	980	969	801	406	109	89	85	79	59	52	53	43	40	25	51	53	31	29	17	13	6	5	4	1	0	4	1	2	1	0	0	1	1	0	1	0	0	0	0	0	0	0	0	0	0	0	0	1	0	0	0	0
7/4/2024	08:01:38.08  PM	10.00	4.089	4.095	49.628	1.573	4.095	637.116	4.095	303.662	0.000	95.316	0.000	0.000	232	172	119	77	63	54	41	35	38	22	22	28	21	30	34	22	22	13	16	26	20	30	9	17	16	28	19	33	24	32	67	249	552	709	1280	1992	2916	4236	5476	6319	6219	4859	3446	2393	1828	1502	1162	948	974	773	394	131	94	82	70	61	60	41	46	34	32	56	41	29	27	18	13	11	3	6	2	1	1	1	5	0	2	0	1	0	0	1	0	0	0	0	0	0	0	0	0	0	0	0	0	0	0	0	0
7/4/2024	08:01:48.08  PM	10.00	4.095	4.095	49.628	1.571	4.095	636.839	4.095	303.623	0.000	95.317	0.000	0.000	163	149	104	79	54	42	51	46	46	37	23	15	36	35	38	35	26	24	31	19	15	24	21	19	21	21	20	23	28	25	66	233	554	749	1234	2045	2844	4194	5400	6209	6049	4956	3415	2479	1863	1434	1164	895	927	802	381	127	98	80	85	55	58	61	54	35	34	75	59	41	23	11	15	6	12	9	4	2	4	0	3	0	1	0	0	0	1	0	0	0	0	0	0	0	0	0	0	0	0	0	0	0	0	0	0
7/4/2024	08:01:58.08  PM	10.00	4.095	4.095	49.625	1.564	4.095	637.192	4.095	303.717	0.000	95.324	0.000	0.000	162	105	100	63	60	53	50	38	43	32	26	21	28	25	34	29	26	17	28	23	28	18	22	11	14	10	15	19	29	31	73	261	544	770	1258	1989	2924	4283	5533	6494	6335	5219	3508	2393	1800	1544	1249	969	923	802	443	130	96	76	79	62	67	47	36	42	36	63	52	40	29	31	15	13	6	6	4	3	1	1	1	2	0	0	0	0	1	0	0	0	0	0	0	0	0	0	0	0	0	0	0	0	0	1	0
7/4/2024	08:02:08.08  PM	10.00	4.095	4.095	49.636	1.562	4.095	637.392	4.095	303.776	0.000	95.317	0.000	0.000	184	127	99	79	75	41	46	55	39	26	26	25	33	32	39	33	30	27	23	17	23	18	17	21	18	9	25	29	16	18	67	249	601	816	1389	2137	2971	4335	5548	6346	6352	5073	3413	2304	1840	1512	1180	881	918	741	421	144	67	86	95	55	71	52	39	51	33	67	42	53	27	18	12	9	14	1	2	4	2	1	0	0	1	1	1	0	0	0	0	0	0	0	0	0	0	0	0	0	0	0	0	0	0	0	0
7/4/2024	08:02:18.08  PM	10.00	4.095	4.095	49.631	1.554	4.095	637.611	4.095	303.748	0.000	95.319	0.000	0.000	179	130	102	73	58	37	47	37	40	30	25	21	19	24	36	27	20	23	33	21	21	28	20	21	25	12	24	21	30	25	43	231	519	787	1279	2000	2925	4277	5553	6324	6268	5014	3287	2253	1832	1518	1166	998	924	845	373	119	86	81	70	62	51	44	56	42	38	53	56	29	29	24	14	7	11	4	2	1	1	1	0	1	0	0	0	0	0	1	0	0	0	0	0	0	0	0	0	0	0	0	0	0	0	0	0
7/4/2024	08:02:28.08  PM	10.00	4.095	4.095	49.621	1.551	4.095	637.644	4.095	303.721	0.000	95.315	0.000	0.000	176	155	110	85	66	47	53	57	53	22	16	24	26	28	22	35	27	23	16	20	17	20	22	17	18	21	17	18	29	23	54	261	511	775	1235	1989	2923	4206	5541	6439	6191	4959	3386	2402	1830	1424	1162	911	939	794	422	91	93	81	77	74	70	42	37	34	38	45	55	35	20	15	15	13	8	4	4	2	0	0	2	2	0	1	2	0	0	0	0	0	0	0	0	0	0	0	0	0	0	0	0	0	0	0	1
7/4/2024	08:02:38.08  PM	10.00	4.095	4.095	49.631	1.546	4.095	637.373	4.095	303.672	0.000	95.316	0.000	0.000	207	165	118	84	56	53	42	39	38	34	29	22	32	30	32	31	28	16	30	25	24	16	32	11	16	20	19	27	20	29	52	284	546	761	1281	2067	3024	4234	5438	6398	6190	4994	3304	2340	1812	1503	1164	928	966	756	398	132	90	82	75	50	51	57	40	33	33	59	42	45	26	12	15	12	8	5	3	5	0	0	3	3	0	0	0	0	0	1	0	0	1	0	0	0	0	0	0	0	0	0	0	0	0	1	0
