Date	Time	Accum.	Scatter	Current	Sample	Ref.	Temp.	Sheath	Diff.	Box	Purge	Pres.	Aux.	Flow	90.00	94.39	98.99	103.81	108.87	114.17	119.74	125.57	131.69	138.11	144.84	151.90	159.30	167.06	175.20	183.74	192.69	202.09	211.93	222.26	233.09	244.45	256.36	268.86	281.96	295.70	310.11	325.22	341.07	357.69	375.12	393.40	412.57	432.67	453.76	475.87	499.06	523.38	548.89	575.63	603.69	633.10	663.96	696.31	730.24	765.83	803.15	842.29	883.33	926.38	971.52	1018.87	1068.52	1120.59	1175.20	1232.46	1292.52	1355.51	1421.57	1490.84	1563.49	1639.68	1719.59	1803.38	1891.27	1983.43	2080.08	2181.45	2287.75	2399.24	2516.16	2638.77	2767.36	2902.22	3043.65	3191.97	3347.52	3510.65	3681.73	3861.14	4049.30	4246.63	4453.57	4670.60	4898.20	5136.90	5387.23	5649.75	5925.07	6213.81	6516.61	6834.18	7167.22	7516.48	7882.77	8266.91	8669.77	9092.25	9535.33
-	-	Secs	Volts	Volts	sccm	Volts	Volts	sccm	Volts	K	sccm	kPa	Volts	sccm	94.39	98.99	103.81	108.87	114.17	119.74	125.57	131.69	138.11	144.84	151.90	159.30	167.06	175.20	183.74	192.69	202.09	211.93	222.26	233.09	244.45	256.36	268.86	281.96	295.70	310.11	325.22	341.07	357.69	375.12	393.40	412.57	432.67	453.76	475.87	499.06	523.38	548.89	575.63	603.69	633.10	663.96	696.31	730.24	765.83	803.15	842.29	883.33	926.38	971.52	1018.87	1068.52	1120.59	1175.20	1232.46	1292.52	1355.51	1421.57	1490.84	1563.49	1639.68	1719.59	1803.38	1891.27	1983.43	2080.08	2181.45	2287.75	2399.24	2516.16	2638.77	2767.36	2902.22	3043.65	3191.97	3347.52	3510.65	3681.73	3861.14	4049.30	4246.63	4453.57	4670.60	4898.20	5136.90	5387.23	5649.75	5925.07	6213.81	6516.61	6834.18	7167.22	7516.48	7882.77	8266.91	8669.77	9092.25	9535.33	10000.00
7/4/2024	09:31:13.08  PM	10.00	4.054	4.054	49.147	1.573	4.054	626.090	4.054	300.529	0.000	94.514	0.000	0.000	220	134	110	76	61	38	34	36	40	20	18	22	36	51	61	60	81	114	128	133	131	144	143	149	152	137	114	105	115	134	139	112	70	65	68	88	120	192	272	428	695	1208	1971	3259	4423	5549	5695	4527	4052	3477	1993	651	572	448	438	399	346	330	302	255	208	357	283	178	101	63	26	22	9	2	2	2	1	3	1	0	1	0	1	1	0	0	0	1	0	0	0	0	0	1	1	0	0	0	1	0	1	0	0
7/4/2024	09:31:23.08  PM	10.00	4.095	4.095	49.624	1.590	4.095	632.196	4.095	303.397	0.000	95.470	0.000	0.000	198	154	111	86	60	41	34	35	33	22	19	21	35	29	49	75	82	87	109	115	135	131	142	127	136	148	132	119	118	124	115	118	78	71	75	102	124	200	284	403	721	1201	2146	3206	4634	5661	5709	4493	4084	3433	1888	623	550	480	444	392	380	301	281	217	229	357	264	168	126	57	34	26	21	12	5	3	4	2	2	0	2	1	1	2	1	0	0	0	2	1	0	1	0	1	3	1	1	3	4	0	0	3	1
7/4/2024	09:31:33.08  PM	10.00	4.082	4.095	49.653	1.590	4.095	632.063	4.095	303.250	0.000	95.467	0.000	0.000	236	167	122	91	55	44	34	40	44	19	19	17	27	51	54	71	100	106	112	107	114	140	147	130	177	152	102	127	117	125	123	99	60	64	67	97	114	173	240	430	781	1301	2051	3227	4647	5657	5627	4441	3948	3462	1899	627	555	500	455	413	350	298	248	231	197	384	251	160	117	60	45	27	7	8	4	0	3	2	2	0	0	1	0	1	1	0	0	0	0	1	0	0	0	0	0	1	0	0	0	0	1	0	0
7/4/2024	09:31:43.08  PM	10.00	4.095	4.095	49.631	1.589	4.095	631.778	4.095	303.257	0.000	95.467	0.000	0.000	248	201	134	90	58	51	36	38	42	26	15	27	39	54	50	70	93	103	122	133	131	118	118	129	145	135	117	108	113	108	121	92	82	64	75	95	109	153	266	451	726	1178	2083	3183	4565	5787	5650	4611	4101	3511	1904	640	577	539	426	413	361	322	281	272	210	371	299	160	111	68	59	26	20	6	3	3	4	1	1	2	0	0	0	1	0	0	0	0	0	1	1	0	0	0	1	0	0	0	0	0	0	1	0
7/4/2024	09:31:53.08  PM	10.00	4.095	4.095	49.629	1.588	4.095	631.736	4.095	303.354	0.000	95.467	0.000	0.000	215	177	135	83	63	39	31	41	28	28	29	32	27	43	42	60	80	109	111	110	129	118	128	135	160	128	104	116	124	108	115	128	70	61	62	92	138	179	286	426	734	1332	2187	3318	4620	5739	5758	4491	3977	3298	1931	662	571	470	445	380	337	323	290	240	205	348	276	193	105	61	30	19	11	9	7	1	1	4	2	0	2	1	0	0	0	0	0	1	0	0	0	0	0	0	0	0	0	0	0	0	0	0	0
7/4/2024	09:32:03.08  PM	10.00	4.071	4.095	49.630	1.586	4.095	631.674	4.095	303.340	0.000	95.476	0.000	0.000	193	182	128	84	44	34	32	33	36	18	17	18	31	35	44	71	91	93	115	134	136	136	135	132	158	121	113	107	108	99	116	99	76	63	77	100	124	185	330	443	833	1301	2215	3342	4572	5626	5592	4414	3927	3347	1829	620	541	460	429	411	380	306	259	212	210	358	290	168	110	61	31	26	10	9	6	3	4	1	0	1	1	0	0	0	0	0	0	0	0	0	1	0	0	0	1	0	0	0	0	0	0	0	0
7/4/2024	09:32:13.08  PM	10.00	4.088	4.095	49.631	1.584	4.095	631.565	4.095	303.391	0.000	95.472	0.000	0.000	226	179	152	91	64	57	37	35	29	21	27	19	25	41	60	63	92	115	108	100	106	131	106	145	149	133	90	101	96	104	109	91	74	74	81	103	135	219	314	502	820	1415	2367	3506	4837	5651	5481	4323	3836	3321	1924	639	533	463	442	379	366	324	261	219	233	347	236	142	86	78	38	23	13	8	7	2	2	1	0	1	2	0	2	0	0	1	0	0	0	0	0	1	1	0	0	0	0	1	0	0	3	0	0
7/4/2024	09:32:23.08  PM	10.00	4.094	4.095	49.640	1.583	4.095	631.299	4.095	303.571	0.000	95.473	0.000	0.000	228	175	112	80	70	47	28	38	34	23	20	19	29	41	54	66	83	75	104	102	130	117	124	117	125	110	112	93	90	112	105	96	75	58	85	99	152	214	344	548	850	1515	2515	3531	4917	5893	5671	4422	3863	3398	1946	602	504	465	413	412	325	326	255	241	202	357	247	177	103	55	33	27	21	8	1	4	3	2	0	1	1	0	0	0	1	0	0	0	1	0	0	0	0	0	0	0	1	0	0	1	1	0	1
7/4/2024	09:32:33.08  PM	10.00	4.079	4.095	49.627	1.575	4.095	631.100	4.095	303.550	0.000	95.467	0.000	0.000	289	226	143	121	75	66	38	34	43	20	16	25	29	38	57	60	86	77	76	125	115	133	149	124	144	148	127	112	128	121	114	101	79	83	76	87	136	200	313	469	795	1307	2185	3413	4510	5583	5476	4229	3859	3238	1859	581	460	422	427	408	318	309	270	239	204	340	249	176	121	62	41	31	12	7	5	3	3	1	0	2	0	0	1	0	0	0	0	0	0	3	1	0	2	0	0	0	0	0	1	1	0	0	0
7/4/2024	09:32:43.08  PM	10.00	4.095	4.095	49.649	1.573	4.095	630.953	4.095	303.490	0.000	95.470	0.000	0.000	219	201	125	100	67	46	24	36	41	24	11	20	23	39	63	67	84	112	101	134	113	128	124	130	152	137	106	126	112	114	112	99	63	52	84	89	136	201	316	494	782	1348	2146	3344	4577	5691	5568	4244	3812	3277	1786	591	519	427	437	393	342	270	215	217	167	346	266	146	100	69	37	27	11	10	4	2	1	2	1	2	2	1	0	1	1	1	1	2	0	1	1	1	0	0	0	0	1	0	1	1	0	0	0
7/4/2024	09:32:53.08  PM	10.00	4.091	4.095	49.627	1.572	4.095	630.674	4.095	303.545	0.000	95.471	0.000	0.000	206	204	132	112	72	49	40	32	36	28	20	25	35	45	38	61	68	74	101	112	155	125	136	130	152	133	124	102	129	120	110	114	78	67	80	111	137	221	325	509	861	1400	2357	3336	4572	5760	5683	4283	3847	3234	1838	610	547	454	452	379	324	309	255	229	175	326	247	153	91	72	32	9	12	7	6	3	1	0	0	0	1	0	0	1	0	1	0	0	1	0	1	0	0	1	0	0	0	1	0	0	0	1	1
