Date	Time	Accum.	Scatter	Current	Sample	Ref.	Temp.	Sheath	Diff.	Box	Purge	Pres.	Aux.	Flow	90.00	94.39	98.99	103.81	108.87	114.17	119.74	125.57	131.69	138.11	144.84	151.90	159.30	167.06	175.20	183.74	192.69	202.09	211.93	222.26	233.09	244.45	256.36	268.86	281.96	295.70	310.11	325.22	341.07	357.69	375.12	393.40	412.57	432.67	453.76	475.87	499.06	523.38	548.89	575.63	603.69	633.10	663.96	696.31	730.24	765.83	803.15	842.29	883.33	926.38	971.52	1018.87	1068.52	1120.59	1175.20	1232.46	1292.52	1355.51	1421.57	1490.84	1563.49	1639.68	1719.59	1803.38	1891.27	1983.43	2080.08	2181.45	2287.75	2399.24	2516.16	2638.77	2767.36	2902.22	3043.65	3191.97	3347.52	3510.65	3681.73	3861.14	4049.30	4246.63	4453.57	4670.60	4898.20	5136.90	5387.23	5649.75	5925.07	6213.81	6516.61	6834.18	7167.22	7516.48	7882.77	8266.91	8669.77	9092.25	9535.33
-	-	Secs	Volts	Volts	sccm	Volts	Volts	sccm	Volts	K	sccm	kPa	Volts	sccm	94.39	98.99	103.81	108.87	114.17	119.74	125.57	131.69	138.11	144.84	151.90	159.30	167.06	175.20	183.74	192.69	202.09	211.93	222.26	233.09	244.45	256.36	268.86	281.96	295.70	310.11	325.22	341.07	357.69	375.12	393.40	412.57	432.67	453.76	475.87	499.06	523.38	548.89	575.63	603.69	633.10	663.96	696.31	730.24	765.83	803.15	842.29	883.33	926.38	971.52	1018.87	1068.52	1120.59	1175.20	1232.46	1292.52	1355.51	1421.57	1490.84	1563.49	1639.68	1719.59	1803.38	1891.27	1983.43	2080.08	2181.45	2287.75	2399.24	2516.16	2638.77	2767.36	2902.22	3043.65	3191.97	3347.52	3510.65	3681.73	3861.14	4049.30	4246.63	4453.57	4670.60	4898.20	5136.90	5387.23	5649.75	5925.07	6213.81	6516.61	6834.18	7167.22	7516.48	7882.77	8266.91	8669.77	9092.25	9535.33	10000.00
7/4/2024	11:32:33.71  PM	10.00	4.054	4.054	49.134	1.570	4.054	632.265	4.054	299.391	0.000	94.651	0.000	0.000	241	182	115	76	57	36	31	24	13	9	5	7	8	21	21	34	36	52	56	74	69	73	89	78	75	67	49	45	37	35	44	56	67	60	77	107	126	148	172	193	220	232	277	303	400	557	871	1465	2991	5794	5605	2343	2212	2123	2006	1814	1583	1387	1135	928	832	1465	1123	821	538	438	294	183	125	70	47	35	30	18	10	11	3	5	1	2	3	3	5	1	0	1	1	1	0	0	0	1	0	1	0	1	1	0	0
7/4/2024	11:32:43.71  PM	10.00	4.084	4.095	49.619	1.584	4.095	638.827	4.095	302.529	0.000	95.595	0.000	0.000	201	149	129	74	61	35	30	24	13	7	7	8	10	16	24	31	45	46	68	70	77	74	80	62	72	72	50	42	45	36	39	62	62	57	70	102	131	133	170	205	227	226	264	313	397	584	857	1355	2953	5830	5618	2416	2208	2156	2030	1875	1632	1406	1116	941	815	1436	1131	844	562	452	274	187	104	80	46	33	22	29	12	11	4	5	6	2	1	0	0	2	2	0	1	1	0	0	0	0	0	0	0	0	0	0	0
7/4/2024	11:32:53.71  PM	10.00	4.085	4.095	49.631	1.570	4.095	638.894	4.095	302.421	0.000	95.604	0.000	0.000	200	134	92	75	31	38	19	26	21	9	8	10	13	13	18	33	40	58	59	70	99	83	94	73	70	72	49	41	41	36	26	58	59	60	77	107	117	138	177	194	224	246	279	282	389	504	764	1216	2671	5578	5369	2415	2272	2152	2122	1894	1642	1549	1227	1020	856	1536	1083	852	593	385	280	188	145	99	42	44	43	23	13	9	11	4	4	3	2	4	4	0	4	3	2	4	1	4	2	1	2	2	1	1	1	0	1
7/4/2024	11:33:03.71  PM	10.00	4.095	4.095	49.622	1.565	4.095	638.855	4.095	302.496	0.000	95.610	0.000	0.000	239	174	113	81	63	26	33	22	14	11	7	5	15	13	18	29	32	36	59	65	63	80	65	82	92	56	61	51	38	27	28	58	52	62	76	118	124	128	172	195	224	237	266	277	384	514	803	1290	2781	5733	5601	2423	2305	2223	2155	1931	1608	1400	1206	992	908	1514	1154	822	599	418	328	189	101	85	48	37	28	19	18	14	9	2	4	1	1	1	1	2	0	2	0	0	0	4	1	1	1	0	0	1	0	1	2
7/4/2024	11:33:13.71  PM	10.00	4.094	4.095	49.622	1.572	4.095	638.913	4.095	302.373	0.000	95.600	0.000	0.000	240	173	117	75	75	47	28	24	24	11	8	12	13	12	25	35	35	46	56	78	77	72	75	60	79	64	40	46	33	28	43	62	73	68	67	133	146	152	201	234	260	283	282	356	406	469	735	1099	2460	5123	5396	2383	2274	2234	2182	1989	1808	1518	1242	1041	889	1545	1201	908	650	443	308	174	118	84	46	30	26	22	12	16	4	7	3	3	2	0	0	0	1	1	1	1	0	1	1	0	1	0	1	0	0	3	0
7/4/2024	11:33:23.71  PM	10.00	4.090	4.095	49.618	1.574	4.095	638.984	4.095	302.121	0.000	95.604	0.000	0.000	281	220	127	107	64	49	34	26	21	19	7	6	16	13	20	35	37	53	54	73	81	66	77	76	84	47	56	50	35	24	34	55	42	52	89	122	138	151	169	218	253	266	285	286	348	507	648	1120	2530	5244	5195	2443	2246	2336	2237	1992	1781	1481	1245	1089	952	1649	1204	869	652	469	312	183	163	79	51	36	27	17	20	8	8	6	5	2	1	2	5	3	0	1	1	1	1	1	1	1	0	2	0	1	2	0	0
7/4/2024	11:33:33.71  PM	10.00	4.092	4.095	49.635	1.570	4.095	638.918	4.095	302.025	0.000	95.601	0.000	0.000	241	180	111	78	51	39	14	26	19	12	5	12	12	14	18	22	39	55	54	73	72	86	68	60	77	74	60	56	28	35	33	52	58	61	87	94	150	165	212	250	251	264	265	336	336	470	660	1074	2389	5116	5297	2357	2292	2277	2202	2112	1780	1496	1293	1116	934	1599	1268	918	582	479	308	218	132	101	60	44	22	23	16	13	4	6	4	2	1	3	2	0	1	0	4	1	2	1	0	0	1	0	0	2	2	0	1
7/4/2024	11:33:43.71  PM	10.00	4.095	4.095	49.633	1.562	4.095	638.989	4.095	302.056	0.000	95.602	0.000	0.000	275	189	131	105	63	37	28	16	18	12	6	9	7	17	15	22	34	42	59	66	65	66	67	60	60	69	38	45	33	26	37	60	58	61	79	118	138	154	182	220	258	284	303	312	364	502	665	1032	2276	5023	5160	2331	2347	2324	2192	2067	1805	1517	1361	1109	997	1634	1204	864	611	439	303	212	143	83	64	44	33	20	20	14	9	7	6	1	0	4	0	0	0	0	2	0	1	1	1	1	1	0	1	1	0	0	2
7/4/2024	11:33:53.71  PM	10.00	4.090	4.095	49.605	1.547	4.095	639.156	4.095	301.756	0.000	95.603	0.000	0.000	240	180	103	80	74	48	37	34	14	9	4	10	9	11	18	23	31	50	60	64	73	72	76	68	68	56	50	40	25	25	36	45	55	62	85	124	126	155	186	217	212	277	273	330	357	521	643	1143	2561	5334	5405	2413	2314	2281	2241	2011	1689	1476	1242	1038	919	1576	1222	755	609	409	276	154	117	82	59	29	20	18	18	12	5	5	3	3	2	2	1	1	4	1	0	1	3	1	0	0	1	0	1	2	1	1	0
7/4/2024	11:34:03.71  PM	10.00	4.095	4.095	49.626	1.550	4.095	639.075	4.095	301.764	0.000	95.601	0.000	0.000	233	193	110	72	61	39	21	24	18	10	5	14	8	11	18	23	35	42	64	60	55	67	61	46	67	40	35	40	23	25	40	65	79	62	88	126	128	140	196	213	238	254	291	347	398	502	721	1192	2713	5586	5713	2542	2489	2351	2271	2055	1779	1551	1208	1088	942	1520	1243	896	569	462	340	228	108	96	60	48	40	24	9	12	5	3	4	0	3	0	3	2	5	0	1	1	3	0	0	2	1	2	2	1	0	1	1
7/4/2024	11:34:13.71  PM	10.00	4.095	4.095	49.611	1.546	4.095	639.108	4.095	301.751	0.000	95.607	0.000	0.000	268	170	128	70	50	35	28	19	19	9	2	5	8	10	22	20	35	42	48	57	67	78	58	59	69	67	39	35	25	30	36	53	51	69	75	102	150	173	224	228	263	273	286	307	372	438	670	1096	2523	5331	5429	2378	2395	2361	2335	2104	1825	1560	1311	1102	886	1551	1195	962	600	448	329	235	153	76	59	42	31	19	12	15	7	7	3	2	2	1	0	1	2	1	0	2	0	1	0	0	0	1	1	0	0	0	0
