Date	Time	Accum.	Scatter	Current	Sample	Ref.	Temp.	Sheath	Diff.	Box	Purge	Pres.	Aux.	Flow	90.00	94.39	98.99	103.81	108.87	114.17	119.74	125.57	131.69	138.11	144.84	151.90	159.30	167.06	175.20	183.74	192.69	202.09	211.93	222.26	233.09	244.45	256.36	268.86	281.96	295.70	310.11	325.22	341.07	357.69	375.12	393.40	412.57	432.67	453.76	475.87	499.06	523.38	548.89	575.63	603.69	633.10	663.96	696.31	730.24	765.83	803.15	842.29	883.33	926.38	971.52	1018.87	1068.52	1120.59	1175.20	1232.46	1292.52	1355.51	1421.57	1490.84	1563.49	1639.68	1719.59	1803.38	1891.27	1983.43	2080.08	2181.45	2287.75	2399.24	2516.16	2638.77	2767.36	2902.22	3043.65	3191.97	3347.52	3510.65	3681.73	3861.14	4049.30	4246.63	4453.57	4670.60	4898.20	5136.90	5387.23	5649.75	5925.07	6213.81	6516.61	6834.18	7167.22	7516.48	7882.77	8266.91	8669.77	9092.25	9535.33
-	-	Secs	Volts	Volts	sccm	Volts	Volts	sccm	Volts	K	sccm	kPa	Volts	sccm	94.39	98.99	103.81	108.87	114.17	119.74	125.57	131.69	138.11	144.84	151.90	159.30	167.06	175.20	183.74	192.69	202.09	211.93	222.26	233.09	244.45	256.36	268.86	281.96	295.70	310.11	325.22	341.07	357.69	375.12	393.40	412.57	432.67	453.76	475.87	499.06	523.38	548.89	575.63	603.69	633.10	663.96	696.31	730.24	765.83	803.15	842.29	883.33	926.38	971.52	1018.87	1068.52	1120.59	1175.20	1232.46	1292.52	1355.51	1421.57	1490.84	1563.49	1639.68	1719.59	1803.38	1891.27	1983.43	2080.08	2181.45	2287.75	2399.24	2516.16	2638.77	2767.36	2902.22	3043.65	3191.97	3347.52	3510.65	3681.73	3861.14	4049.30	4246.63	4453.57	4670.60	4898.20	5136.90	5387.23	5649.75	5925.07	6213.81	6516.61	6834.18	7167.22	7516.48	7882.77	8266.91	8669.77	9092.25	9535.33	10000.00
7/5/2024	12:52:08.40  AM	10.00	4.023	4.054	49.134	1.575	4.054	630.502	4.054	300.264	0.000	94.703	0.000	0.000	157	119	51	54	43	29	17	13	15	16	9	7	8	14	15	27	30	36	57	57	89	118	138	134	210	203	194	180	159	133	147	106	63	39	58	80	112	196	280	417	544	539	527	606	690	796	771	711	904	1295	1874	1143	1363	1804	2080	2189	2318	2484	2415	2145	1851	3089	2355	1424	899	638	419	307	196	106	43	34	20	10	11	7	2	0	3	3	0	3	0	1	1	1	0	0	1	1	1	0	0	0	1	0	0	0	0
7/5/2024	12:52:18.40  AM	10.00	4.075	4.095	49.607	1.596	4.095	636.901	4.095	303.180	0.000	95.664	0.000	0.000	182	112	88	61	55	40	26	14	17	12	11	10	6	14	21	22	30	40	60	82	123	119	143	160	233	218	191	216	170	155	122	99	43	41	46	58	113	195	306	429	510	523	536	573	672	795	819	690	898	1317	1743	1156	1355	1662	2071	2296	2393	2308	2308	2085	1782	3149	2188	1440	874	580	401	271	216	90	53	32	15	15	6	1	6	1	3	4	5	3	4	1	1	1	1	1	1	0	2	0	1	2	0	1	0	1	0
7/5/2024	12:52:28.40  AM	10.00	4.075	4.095	49.649	1.597	4.095	636.854	4.095	303.104	0.000	95.662	0.000	0.000	239	149	102	74	49	28	38	24	15	15	7	5	8	16	12	23	28	38	56	71	112	99	172	176	204	259	240	215	167	195	140	115	59	50	54	82	108	190	279	411	492	492	485	538	647	717	770	692	823	1313	1878	1169	1412	1716	2063	2307	2368	2367	2175	2022	1851	3031	2218	1345	864	579	403	278	162	83	42	25	21	10	9	5	3	0	3	0	0	1	1	1	1	0	0	0	2	0	0	0	1	1	0	0	1	0	1
7/5/2024	12:52:38.40  AM	10.00	4.080	4.095	49.610	1.597	4.095	636.968	4.095	303.073	0.000	95.659	0.000	0.000	243	200	120	76	59	50	29	21	15	9	8	14	11	8	24	21	24	43	69	83	116	122	150	165	210	252	229	213	193	181	123	120	62	37	50	59	124	216	297	446	527	604	482	557	674	756	762	778	858	1299	1732	1139	1401	1728	1941	2309	2327	2331	2168	1896	1776	3042	2195	1354	837	618	415	278	149	102	39	39	19	8	11	1	3	8	3	3	2	5	3	1	4	2	4	1	1	1	0	0	0	0	0	2	0	0	0
7/5/2024	12:52:48.40  AM	10.00	4.072	4.095	49.643	1.597	4.095	637.030	4.095	303.041	0.000	95.659	0.000	0.000	251	150	88	65	58	31	17	19	8	15	4	7	9	13	16	13	26	37	50	86	108	119	169	172	218	241	187	209	194	175	138	109	59	45	49	82	121	205	299	415	520	468	482	567	659	814	726	635	798	1332	1847	1142	1443	1785	2141	2203	2387	2389	2286	2052	1796	2981	2152	1335	845	567	370	251	157	97	57	40	20	12	9	8	5	3	5	5	6	4	2	3	2	3	2	6	0	0	4	0	1	1	1	3	0	0	1
7/5/2024	12:52:58.40  AM	10.00	4.095	4.095	49.635	1.596	4.095	637.616	4.095	303.071	0.000	95.652	0.000	0.000	235	156	111	61	48	31	24	21	20	11	4	9	14	12	24	26	31	32	63	70	103	126	157	168	231	191	182	186	186	145	106	100	57	40	44	81	124	217	321	429	509	558	489	572	636	786	792	757	880	1333	1911	1198	1519	1914	2135	2258	2467	2281	2328	2034	1745	2989	2174	1421	812	589	422	294	160	82	44	27	19	11	10	7	0	2	4	4	1	0	1	1	1	1	1	0	1	1	1	0	1	0	0	0	1	1	0
7/5/2024	12:53:08.40  AM	10.00	4.057	4.095	49.602	1.594	4.095	637.649	4.095	303.158	0.000	95.653	0.000	0.000	244	145	114	75	40	25	26	18	11	7	10	4	11	15	16	18	33	34	59	72	108	114	148	154	240	246	206	188	173	165	135	96	53	38	59	78	119	196	309	399	503	524	528	517	661	784	763	778	863	1319	1818	1129	1439	1648	1971	2115	2245	2212	2240	1944	1759	2907	2070	1351	800	579	377	299	170	90	48	26	17	12	7	2	5	3	5	5	5	1	5	0	1	3	0	0	2	0	2	1	1	2	2	2	0	0	1
7/5/2024	12:53:18.40  AM	10.00	4.087	4.095	49.638	1.596	4.095	637.606	4.095	303.441	0.000	95.651	0.000	0.000	222	146	90	70	54	32	30	28	16	8	11	8	9	12	18	20	28	48	45	83	111	143	154	151	214	229	206	206	189	160	122	83	56	46	45	80	122	195	295	444	543	567	570	602	693	770	736	665	828	1361	1867	1149	1516	1707	2011	2272	2319	2333	2208	2007	1783	2936	2092	1361	825	544	394	244	156	85	56	28	16	11	12	3	4	1	2	0	3	3	3	3	0	1	0	1	1	3	4	0	1	1	0	0	1	1	0
7/5/2024	12:53:28.40  AM	10.00	4.068	4.095	49.631	1.590	4.095	637.468	4.095	303.476	0.000	95.651	0.000	0.000	186	144	83	72	47	29	24	20	18	9	8	7	8	14	14	28	34	44	56	89	108	120	158	159	226	218	218	187	185	167	126	91	59	41	50	82	118	193	307	420	496	509	509	585	677	800	775	709	817	1337	1806	1194	1453	1698	2078	2229	2283	2293	2136	1984	1792	2883	2036	1329	822	543	397	255	158	87	45	35	9	12	4	6	4	3	5	2	4	3	4	1	2	0	2	0	1	1	0	2	2	4	2	0	1	1	0
7/5/2024	12:53:38.40  AM	10.00	4.083	4.095	49.641	1.590	4.095	637.730	4.095	303.486	0.000	95.650	0.000	0.000	206	120	92	54	37	28	17	16	18	12	2	8	9	9	13	28	36	49	49	85	111	130	166	148	213	258	201	166	188	150	131	102	42	43	39	68	100	202	337	474	539	521	522	551	641	742	807	742	842	1341	1845	1170	1449	1780	2141	2276	2360	2198	2119	1931	1729	2846	1998	1310	791	551	404	269	162	82	55	40	16	9	11	13	9	6	3	7	3	5	8	4	2	3	1	3	2	4	5	5	2	1	4	3	2	1	2
7/5/2024	12:53:48.40  AM	10.00	4.095	4.095	49.619	1.582	4.095	636.830	4.095	303.467	0.000	95.659	0.000	0.000	240	139	109	72	38	40	13	14	15	9	9	4	12	14	18	21	24	33	57	67	103	125	142	151	230	206	173	198	171	152	120	93	55	33	41	63	112	223	314	441	572	567	571	643	745	831	846	754	898	1349	1795	1081	1260	1598	1950	2168	2276	2316	2171	1977	1813	3047	2245	1428	844	564	360	287	161	90	39	20	23	8	13	8	4	1	2	1	2	2	0	2	2	2	1	0	4	1	2	1	0	0	1	1	0	0	1
