Date	Time	Accum.	Scatter	Current	Sample	Ref.	Temp.	Sheath	Diff.	Box	Purge	Pres.	Aux.	Flow	90.00	94.39	98.99	103.81	108.87	114.17	119.74	125.57	131.69	138.11	144.84	151.90	159.30	167.06	175.20	183.74	192.69	202.09	211.93	222.26	233.09	244.45	256.36	268.86	281.96	295.70	310.11	325.22	341.07	357.69	375.12	393.40	412.57	432.67	453.76	475.87	499.06	523.38	548.89	575.63	603.69	633.10	663.96	696.31	730.24	765.83	803.15	842.29	883.33	926.38	971.52	1018.87	1068.52	1120.59	1175.20	1232.46	1292.52	1355.51	1421.57	1490.84	1563.49	1639.68	1719.59	1803.38	1891.27	1983.43	2080.08	2181.45	2287.75	2399.24	2516.16	2638.77	2767.36	2902.22	3043.65	3191.97	3347.52	3510.65	3681.73	3861.14	4049.30	4246.63	4453.57	4670.60	4898.20	5136.90	5387.23	5649.75	5925.07	6213.81	6516.61	6834.18	7167.22	7516.48	7882.77	8266.91	8669.77	9092.25	9535.33
-	-	Secs	Volts	Volts	sccm	Volts	Volts	sccm	Volts	K	sccm	kPa	Volts	sccm	94.39	98.99	103.81	108.87	114.17	119.74	125.57	131.69	138.11	144.84	151.90	159.30	167.06	175.20	183.74	192.69	202.09	211.93	222.26	233.09	244.45	256.36	268.86	281.96	295.70	310.11	325.22	341.07	357.69	375.12	393.40	412.57	432.67	453.76	475.87	499.06	523.38	548.89	575.63	603.69	633.10	663.96	696.31	730.24	765.83	803.15	842.29	883.33	926.38	971.52	1018.87	1068.52	1120.59	1175.20	1232.46	1292.52	1355.51	1421.57	1490.84	1563.49	1639.68	1719.59	1803.38	1891.27	1983.43	2080.08	2181.45	2287.75	2399.24	2516.16	2638.77	2767.36	2902.22	3043.65	3191.97	3347.52	3510.65	3681.73	3861.14	4049.30	4246.63	4453.57	4670.60	4898.20	5136.90	5387.23	5649.75	5925.07	6213.81	6516.61	6834.18	7167.22	7516.48	7882.77	8266.91	8669.77	9092.25	9535.33	10000.00
7/5/2024	12:38:37.08  AM	10.00	4.022	4.054	49.123	1.536	4.054	630.078	4.054	300.321	0.000	94.718	0.000	0.000	249	188	127	69	45	36	21	24	18	10	7	5	9	16	23	33	37	54	73	116	131	141	139	191	200	194	206	150	127	113	95	74	43	46	65	95	100	153	184	224	246	251	302	319	290	322	445	563	1431	3542	4273	2100	2232	2429	2475	2329	2094	1837	1536	1361	1214	1980	1416	1006	718	450	317	196	112	78	38	21	19	10	5	8	5	1	3	1	1	1	1	0	0	0	1	1	1	0	0	0	1	0	0	0	0	0	1
7/5/2024	12:38:47.08  AM	10.00	4.079	4.095	49.632	1.545	4.095	636.592	4.095	303.229	0.000	95.674	0.000	0.000	273	220	129	81	53	42	34	15	18	15	11	8	9	18	19	30	40	52	80	112	149	141	161	187	180	198	211	188	141	115	110	94	48	40	45	77	145	146	213	231	259	263	285	295	319	365	412	499	1341	3530	4046	2050	2114	2301	2418	2246	2039	1840	1553	1317	1154	1913	1376	930	621	463	284	190	117	67	39	21	16	7	6	4	3	2	1	1	1	1	1	0	0	0	0	0	1	0	0	0	1	0	0	0	1	0	0
7/5/2024	12:38:57.08  AM	10.00	4.084	4.095	49.623	1.540	4.095	636.711	4.095	303.227	0.000	95.668	0.000	0.000	279	218	113	76	46	37	27	35	11	9	5	8	9	10	24	31	41	56	59	107	127	147	178	153	208	207	154	158	145	109	84	75	57	33	58	83	116	174	199	226	265	272	282	296	328	396	389	541	1356	3482	4053	2160	2285	2389	2451	2237	2096	1811	1530	1341	1153	1931	1379	979	637	456	277	192	98	51	29	26	13	8	7	1	2	1	2	2	1	1	1	2	1	0	1	2	0	0	0	0	1	1	0	0	1	0	1
7/5/2024	12:39:07.08  AM	10.00	4.093	4.095	49.612	1.547	4.095	636.754	4.095	303.093	0.000	95.678	0.000	0.000	230	170	87	59	35	35	23	13	14	6	11	9	8	21	26	29	47	68	85	99	108	133	126	140	189	167	170	160	131	127	80	76	44	45	56	76	133	166	218	227	323	291	290	352	358	384	455	542	1276	3455	4066	2098	2324	2430	2372	2341	2170	1883	1606	1331	1186	2023	1478	1015	641	471	298	216	124	72	47	29	17	15	13	3	3	3	0	3	0	1	2	1	0	0	0	1	1	1	0	0	1	1	0	0	2	0	0
7/5/2024	12:39:17.08  AM	10.00	4.086	4.095	49.629	1.552	4.095	636.859	4.095	303.100	0.000	95.678	0.000	0.000	264	159	108	74	48	38	19	16	29	16	14	6	9	18	12	23	36	54	89	124	122	150	157	142	205	213	181	153	132	131	76	58	46	41	50	70	117	173	228	256	315	270	331	324	337	390	431	528	1202	3378	4101	2144	2300	2407	2455	2355	2111	1853	1613	1343	1185	1991	1441	988	694	484	299	194	109	62	48	23	13	10	6	2	4	4	2	1	1	1	1	1	0	1	0	0	0	1	0	0	0	1	0	1	1	0	0
7/5/2024	12:39:27.08  AM	10.00	4.077	4.095	49.633	1.549	4.095	637.016	4.095	303.286	0.000	95.679	0.000	0.000	267	148	108	67	43	42	20	13	14	12	8	10	16	16	16	27	37	61	81	95	109	149	136	149	197	191	169	161	134	127	92	72	36	42	50	108	140	170	260	311	339	310	311	356	373	406	403	531	1233	3269	4218	2232	2341	2520	2570	2304	2212	1915	1607	1406	1229	1992	1460	954	673	477	340	215	118	59	35	27	17	13	10	9	5	2	1	0	0	3	2	2	0	0	0	0	1	0	1	0	1	1	1	0	1	0	0
7/5/2024	12:39:37.08  AM	10.00	4.090	4.095	49.630	1.565	4.095	636.925	4.095	303.269	0.000	95.684	0.000	0.000	271	184	117	80	34	26	19	24	12	9	5	13	13	12	15	43	48	48	54	90	121	130	145	130	154	188	143	158	134	111	92	56	41	37	49	93	147	213	290	307	341	363	368	397	459	447	418	492	1087	2854	3759	2011	2111	2465	2388	2424	2228	2015	1786	1526	1321	2128	1510	969	690	508	339	229	115	70	41	31	16	13	7	7	0	1	2	0	0	0	1	0	1	0	1	1	0	0	0	0	0	0	0	1	0	0	0
7/5/2024	12:39:47.08  AM	10.00	4.086	4.095	49.639	1.569	4.095	637.039	4.095	303.276	0.000	95.678	0.000	0.000	188	156	97	63	38	33	25	19	17	12	6	4	9	11	19	24	40	56	65	88	99	141	139	141	190	174	177	160	152	116	84	64	33	44	54	79	128	189	256	299	337	327	380	384	443	496	433	468	930	2609	3372	1826	1988	2289	2427	2425	2118	2032	1816	1493	1374	2193	1575	1083	699	522	337	248	128	72	43	18	13	18	9	3	5	3	5	0	3	1	1	0	2	2	0	0	0	0	0	0	0	0	2	1	2	0	0
7/5/2024	12:39:57.08  AM	10.00	4.061	4.095	49.643	1.576	4.095	636.968	4.095	303.359	0.000	95.681	0.000	0.000	215	140	111	75	47	37	24	21	14	11	13	13	8	16	14	25	49	59	77	85	135	138	151	182	210	210	175	181	162	123	108	77	51	29	48	94	115	190	229	295	345	322	312	360	366	505	455	470	896	2435	3346	1848	2024	2301	2356	2426	2246	2117	1781	1722	1381	2319	1590	1038	692	458	338	224	138	62	44	24	19	6	9	8	5	3	2	1	2	0	1	0	1	2	0	1	0	0	0	0	0	1	1	0	0	0	0
7/5/2024	12:40:07.08  AM	10.00	4.041	4.095	49.619	1.579	4.095	636.692	4.095	303.519	0.000	95.678	0.000	0.000	205	140	120	83	70	47	24	23	19	13	6	5	10	5	14	35	28	42	66	103	119	130	154	142	189	188	181	156	159	134	111	65	53	37	57	76	109	198	275	346	371	340	360	377	403	458	466	477	830	2235	2996	1771	1979	2290	2432	2441	2306	2057	1853	1674	1359	2257	1623	1086	704	482	343	209	127	59	40	20	25	10	8	5	6	1	0	2	0	0	0	1	1	1	0	0	0	0	1	0	0	0	0	0	0	2	0
7/5/2024	12:40:17.08  AM	10.00	4.053	4.095	49.641	1.595	4.095	637.730	4.095	303.484	0.000	95.675	0.000	0.000	265	159	117	76	47	20	30	26	17	13	6	11	16	12	22	36	36	62	69	82	99	126	131	156	175	188	151	165	140	110	95	75	34	39	55	96	128	220	295	392	389	381	415	426	477	553	582	494	802	2061	2874	1712	1965	2206	2298	2301	2282	2156	1992	1747	1474	2413	1723	1181	771	453	342	219	136	62	50	27	15	13	10	6	2	5	2	1	1	1	0	2	1	0	0	0	3	0	0	1	0	0	0	1	0	0	0
