Date	Time	Accum.	Scatter	Current	Sample	Ref.	Temp.	Sheath	Diff.	Box	Purge	Pres.	Aux.	Flow	90.00	94.39	98.99	103.81	108.87	114.17	119.74	125.57	131.69	138.11	144.84	151.90	159.30	167.06	175.20	183.74	192.69	202.09	211.93	222.26	233.09	244.45	256.36	268.86	281.96	295.70	310.11	325.22	341.07	357.69	375.12	393.40	412.57	432.67	453.76	475.87	499.06	523.38	548.89	575.63	603.69	633.10	663.96	696.31	730.24	765.83	803.15	842.29	883.33	926.38	971.52	1018.87	1068.52	1120.59	1175.20	1232.46	1292.52	1355.51	1421.57	1490.84	1563.49	1639.68	1719.59	1803.38	1891.27	1983.43	2080.08	2181.45	2287.75	2399.24	2516.16	2638.77	2767.36	2902.22	3043.65	3191.97	3347.52	3510.65	3681.73	3861.14	4049.30	4246.63	4453.57	4670.60	4898.20	5136.90	5387.23	5649.75	5925.07	6213.81	6516.61	6834.18	7167.22	7516.48	7882.77	8266.91	8669.77	9092.25	9535.33
-	-	Secs	Volts	Volts	sccm	Volts	Volts	sccm	Volts	K	sccm	kPa	Volts	sccm	94.39	98.99	103.81	108.87	114.17	119.74	125.57	131.69	138.11	144.84	151.90	159.30	167.06	175.20	183.74	192.69	202.09	211.93	222.26	233.09	244.45	256.36	268.86	281.96	295.70	310.11	325.22	341.07	357.69	375.12	393.40	412.57	432.67	453.76	475.87	499.06	523.38	548.89	575.63	603.69	633.10	663.96	696.31	730.24	765.83	803.15	842.29	883.33	926.38	971.52	1018.87	1068.52	1120.59	1175.20	1232.46	1292.52	1355.51	1421.57	1490.84	1563.49	1639.68	1719.59	1803.38	1891.27	1983.43	2080.08	2181.45	2287.75	2399.24	2516.16	2638.77	2767.36	2902.22	3043.65	3191.97	3347.52	3510.65	3681.73	3861.14	4049.30	4246.63	4453.57	4670.60	4898.20	5136.90	5387.23	5649.75	5925.07	6213.81	6516.61	6834.18	7167.22	7516.48	7882.77	8266.91	8669.77	9092.25	9535.33	10000.00
7/4/2024	09:01:32.64  PM	10.00	0.426	4.054	49.150	1.596	4.054	621.582	4.054	299.937	0.000	94.482	0.000	0.000	3378	736	195	533	1003	519	149	110	108	39	32	11	16	13	11	9	14	9	5	12	8	9	10	11	8	9	2	0	2	0	0	2	0	0	1	1	1	3	4	4	5	4	5	4	1	2	3	1	1	3	0	0	0	0	0	0	0	0	0	0	0	0	0	0	0	0	0	0	0	0	0	0	0	0	0	0	0	0	0	0	0	0	0	0	0	0	0	0	0	0	0	0	0	0	0	0	0	0	0
7/4/2024	09:01:42.64  PM	10.00	0.419	4.095	49.627	1.610	4.095	627.797	4.095	302.911	0.000	95.440	0.000	0.000	3787	859	240	646	1018	577	164	114	105	43	38	19	9	11	15	13	18	10	7	13	4	11	12	8	8	2	5	2	1	0	2	2	0	0	0	0	0	0	0	1	0	0	0	0	1	0	0	0	0	0	0	0	0	0	0	0	0	0	0	0	0	0	0	0	0	0	0	0	0	0	0	0	0	0	0	0	0	0	0	0	0	0	0	0	0	0	0	0	0	0	0	0	0	0	0	0	0	0	0
7/4/2024	09:01:52.64  PM	10.00	0.412	4.095	49.633	1.604	4.095	627.816	4.095	302.871	0.000	95.434	0.000	0.000	3812	916	213	652	1112	651	194	126	119	64	24	20	18	5	9	11	6	5	12	11	8	7	9	8	9	6	3	1	0	1	0	0	1	0	0	0	0	0	0	1	0	0	0	0	0	0	0	0	0	0	0	0	0	0	0	0	0	0	0	0	0	0	0	0	0	0	0	0	0	0	0	0	0	0	0	0	0	0	0	0	0	0	0	0	0	0	0	0	0	0	0	0	0	0	0	0	0	0	0
7/4/2024	09:02:02.64  PM	10.00	0.415	4.095	49.632	1.597	4.095	627.674	4.095	302.986	0.000	95.435	0.000	0.000	3944	859	247	686	1158	666	164	135	112	38	33	7	11	14	11	11	11	6	14	6	13	7	8	12	12	8	1	0	1	0	0	1	0	1	0	0	0	0	0	0	0	0	0	0	1	1	0	0	0	0	0	0	0	0	0	0	0	0	0	0	0	0	0	0	0	0	0	0	0	0	0	0	0	0	0	0	0	0	0	0	0	0	0	0	0	0	0	0	0	0	0	0	0	0	0	0	0	0	0
7/4/2024	09:02:12.64  PM	10.00	0.412	4.095	49.639	1.595	4.095	627.664	4.095	303.038	0.000	95.443	0.000	0.000	4045	959	216	691	1219	713	168	145	146	53	32	25	20	11	18	9	12	6	7	11	8	8	10	6	4	8	5	2	0	1	0	0	0	0	0	0	0	0	0	0	0	0	0	0	0	0	0	0	0	0	0	0	0	0	0	0	0	0	0	0	0	0	0	0	0	0	0	0	0	0	0	0	0	0	0	0	0	0	0	0	0	0	0	0	0	0	0	0	0	0	0	0	0	0	0	0	0	0	0
7/4/2024	09:02:22.64  PM	10.00	0.415	4.095	49.630	1.597	4.095	627.386	4.095	303.031	0.000	95.440	0.000	0.000	3971	1014	236	721	1300	690	212	171	134	58	30	14	10	9	8	16	17	9	8	4	12	8	8	4	8	3	4	3	0	0	0	0	0	0	0	0	0	0	0	0	0	0	0	0	0	0	0	0	0	0	0	0	0	0	0	0	0	0	0	0	0	0	0	0	0	0	0	0	0	0	0	0	0	0	0	0	0	0	0	0	0	0	0	0	0	0	0	0	0	0	0	0	0	0	0	0	0	0	0
7/4/2024	09:02:32.64  PM	10.00	0.412	4.095	49.630	1.604	4.095	627.140	4.095	303.128	0.000	95.433	0.000	0.000	4044	961	206	773	1354	749	200	171	135	51	46	16	9	4	17	13	10	7	13	9	10	11	5	8	11	10	2	0	0	1	0	0	0	0	0	0	0	0	0	0	0	0	0	0	0	0	0	0	0	0	0	0	0	0	0	0	0	0	0	0	0	0	0	0	0	0	0	0	0	0	0	0	0	0	0	0	0	0	0	0	0	0	0	0	0	0	0	0	0	0	0	0	0	0	0	0	0	0	0
7/4/2024	09:02:42.64  PM	10.00	0.413	4.095	49.635	1.607	4.095	627.017	4.095	303.085	0.000	95.440	0.000	0.000	4124	905	233	843	1342	798	173	168	137	70	37	21	20	13	12	13	10	7	9	6	6	6	12	7	6	4	0	1	0	0	1	1	0	0	0	0	0	0	0	0	0	0	0	0	0	0	0	0	0	0	0	0	0	0	0	0	0	0	0	0	0	0	0	0	0	0	0	0	0	0	0	0	0	0	0	0	0	0	0	0	0	0	0	0	0	0	0	0	0	0	0	0	0	0	0	0	0	0	0
7/4/2024	09:02:52.64  PM	10.00	0.412	4.095	49.612	1.608	4.095	627.182	4.095	302.994	0.000	95.436	0.000	0.000	4191	947	198	720	1339	718	210	185	166	70	39	13	12	8	11	15	10	8	7	10	6	10	10	6	4	5	2	2	0	0	0	0	0	0	0	0	0	0	0	0	0	1	0	0	0	0	0	0	0	0	0	0	0	0	0	0	0	0	0	0	0	0	0	0	0	0	0	0	0	0	0	0	0	0	0	0	0	0	0	0	0	0	0	0	0	0	0	0	0	0	0	0	0	0	0	0	0	0	0
7/4/2024	09:03:02.65  PM	10.00	0.411	4.095	49.629	1.605	4.095	627.116	4.095	302.934	0.000	95.435	0.000	0.000	4273	1016	234	772	1390	786	225	161	148	72	34	19	9	11	17	11	12	14	7	5	9	8	6	8	4	5	6	1	0	0	0	0	0	0	0	0	0	0	0	0	0	0	0	0	0	0	0	0	0	0	0	0	0	0	0	0	0	0	0	0	0	0	0	0	0	0	0	0	0	0	0	0	0	0	0	0	0	0	0	0	0	0	0	0	0	0	0	0	0	0	0	0	0	0	0	0	0	0	0
7/4/2024	09:03:12.64  PM	10.00	0.410	4.095	49.628	1.606	4.095	626.998	4.095	302.899	0.000	95.438	0.000	0.000	4319	1005	220	740	1353	799	207	173	153	88	26	25	8	6	7	8	11	11	9	6	3	6	10	7	5	4	4	0	1	0	0	0	0	0	0	0	0	0	0	0	0	0	0	0	0	0	0	0	0	0	0	0	0	0	0	0	0	0	0	0	0	0	0	0	0	0	0	0	0	0	0	0	0	0	0	0	0	0	0	0	0	0	0	0	0	0	0	0	0	0	0	0	0	0	0	0	0	0	0
