Date	Time	Accum.	Scatter	Current	Sample	Ref.	Temp.	Sheath	Diff.	Box	Purge	Pres.	Aux.	Flow	90.00	94.39	98.99	103.81	108.87	114.17	119.74	125.57	131.69	138.11	144.84	151.90	159.30	167.06	175.20	183.74	192.69	202.09	211.93	222.26	233.09	244.45	256.36	268.86	281.96	295.70	310.11	325.22	341.07	357.69	375.12	393.40	412.57	432.67	453.76	475.87	499.06	523.38	548.89	575.63	603.69	633.10	663.96	696.31	730.24	765.83	803.15	842.29	883.33	926.38	971.52	1018.87	1068.52	1120.59	1175.20	1232.46	1292.52	1355.51	1421.57	1490.84	1563.49	1639.68	1719.59	1803.38	1891.27	1983.43	2080.08	2181.45	2287.75	2399.24	2516.16	2638.77	2767.36	2902.22	3043.65	3191.97	3347.52	3510.65	3681.73	3861.14	4049.30	4246.63	4453.57	4670.60	4898.20	5136.90	5387.23	5649.75	5925.07	6213.81	6516.61	6834.18	7167.22	7516.48	7882.77	8266.91	8669.77	9092.25	9535.33
-	-	Secs	Volts	Volts	sccm	Volts	Volts	sccm	Volts	K	sccm	kPa	Volts	sccm	94.39	98.99	103.81	108.87	114.17	119.74	125.57	131.69	138.11	144.84	151.90	159.30	167.06	175.20	183.74	192.69	202.09	211.93	222.26	233.09	244.45	256.36	268.86	281.96	295.70	310.11	325.22	341.07	357.69	375.12	393.40	412.57	432.67	453.76	475.87	499.06	523.38	548.89	575.63	603.69	633.10	663.96	696.31	730.24	765.83	803.15	842.29	883.33	926.38	971.52	1018.87	1068.52	1120.59	1175.20	1232.46	1292.52	1355.51	1421.57	1490.84	1563.49	1639.68	1719.59	1803.38	1891.27	1983.43	2080.08	2181.45	2287.75	2399.24	2516.16	2638.77	2767.36	2902.22	3043.65	3191.97	3347.52	3510.65	3681.73	3861.14	4049.30	4246.63	4453.57	4670.60	4898.20	5136.90	5387.23	5649.75	5925.07	6213.81	6516.61	6834.18	7167.22	7516.48	7882.77	8266.91	8669.77	9092.25	9535.33	10000.00
7/4/2024	05:45:37.93  PM	10.00	3.983	4.095	49.615	1.640	4.095	631.058	4.095	303.232	0.000	95.289	0.000	0.000	111	80	91	74	58	53	70	73	75	45	20	40	32	41	31	21	22	16	16	17	24	31	63	259	1311	4257	7237	8001	8602	9499	6741	3250	1275	749	648	491	409	334	242	199	124	99	83	65	52	34	34	20	13	17	3	2	2	1	0	0	0	1	0	2	1	1	2	0	0	0	0	1	0	0	0	0	0	0	0	0	0	0	0	0	0	0	0	0	0	0	0	0	0	0	0	0	0	0	0	0	0	0	0
7/4/2024	05:45:47.93  PM	10.00	3.961	4.095	49.634	1.650	4.095	631.200	4.095	303.422	0.000	95.292	0.000	0.000	90	80	79	63	57	46	69	60	68	41	30	27	29	35	27	27	30	18	16	13	20	29	43	265	1351	4488	7198	8153	8684	9679	6771	3125	1310	728	560	479	399	323	251	210	135	114	85	67	34	36	20	22	11	16	7	0	1	2	1	0	0	1	0	1	0	0	1	0	1	1	2	0	0	0	0	0	0	0	0	0	0	0	0	0	0	0	0	0	0	0	0	0	0	0	0	0	0	0	0	0	0	0	0
7/4/2024	05:45:57.93  PM	10.00	4.046	4.095	49.649	1.658	4.095	631.124	4.095	303.457	0.000	95.295	0.000	0.000	105	111	85	78	57	65	54	65	79	46	29	29	29	24	33	30	31	30	20	9	11	21	58	266	1368	4380	7337	8071	8677	9906	6803	3321	1314	738	637	485	427	321	243	195	148	127	74	58	39	39	28	20	17	10	5	1	2	1	2	1	1	1	1	2	1	3	0	0	0	1	0	0	0	0	0	0	0	0	0	0	0	0	0	0	0	0	0	0	0	0	0	0	0	0	0	0	0	0	0	0	0	0	0
7/4/2024	05:46:07.93  PM	10.00	3.981	4.095	49.631	1.661	4.095	631.200	4.095	303.536	0.000	95.296	0.000	0.000	110	102	98	80	72	61	64	63	79	54	35	29	29	22	32	35	32	26	12	16	15	29	78	251	1291	4168	7184	8041	8686	9847	6970	3223	1304	790	566	488	415	340	244	192	169	106	85	54	48	33	23	18	12	8	2	2	1	2	2	0	1	3	0	2	1	0	2	2	0	0	0	0	0	0	0	0	0	0	0	1	0	0	0	0	0	0	0	0	0	0	0	0	0	0	0	0	0	0	0	0	0	0	0
7/4/2024	05:46:17.93  PM	10.00	3.938	4.095	49.644	1.660	4.095	631.153	4.095	303.340	0.000	95.299	0.000	0.000	99	105	88	69	80	72	57	46	70	49	24	31	35	35	27	27	28	28	26	26	18	26	67	230	1388	4413	7318	7972	8782	9760	6735	3304	1265	787	592	487	388	326	254	197	177	96	72	57	53	35	27	16	14	12	10	2	2	2	0	1	0	0	1	0	0	0	1	0	0	0	0	0	0	0	0	0	0	0	0	0	0	0	0	0	0	0	0	0	0	0	0	0	0	0	0	0	0	0	0	0	0	0	0
7/4/2024	05:46:27.93  PM	10.00	4.034	4.095	49.628	1.662	4.095	631.209	4.095	303.279	0.000	95.294	0.000	0.000	107	118	96	61	76	66	65	60	62	45	36	26	33	39	25	29	35	22	26	23	19	22	74	229	1265	4242	7119	8275	8805	9780	7060	3402	1413	759	653	544	390	329	254	164	145	121	95	63	52	41	21	14	13	15	6	0	0	0	0	3	0	1	0	1	1	2	1	0	0	0	0	1	0	1	0	0	0	0	0	0	0	0	0	0	0	0	0	0	0	0	0	0	0	0	0	0	0	0	0	0	0	0	0
7/4/2024	05:46:37.93  PM	10.00	3.944	4.095	49.627	1.664	4.095	631.238	4.095	303.264	0.000	95.297	0.000	0.000	115	93	81	69	62	92	65	70	75	47	46	37	46	30	24	25	30	25	17	13	14	26	68	244	1291	4292	7322	7978	8602	9286	6516	3191	1317	686	587	530	405	306	235	196	154	107	59	46	45	33	23	22	19	13	6	4	1	2	3	1	0	1	2	3	1	1	0	0	0	0	0	0	0	0	0	0	0	0	0	0	0	0	0	0	0	0	0	0	0	0	0	0	0	0	0	0	0	0	0	0	0	0	0
7/4/2024	05:46:47.93  PM	10.00	3.836	4.095	49.623	1.662	4.095	631.157	4.095	303.220	0.000	95.295	0.000	0.000	104	96	85	74	84	66	62	64	61	42	34	42	30	38	24	20	24	26	17	12	23	33	66	221	1277	4184	6973	7765	8290	9170	6515	3243	1353	728	595	478	404	312	272	186	124	108	90	62	36	25	22	22	20	8	6	2	1	4	1	0	0	4	0	1	1	3	0	0	0	0	0	0	0	0	0	0	0	0	0	0	0	0	0	0	0	0	0	0	0	0	0	0	0	0	0	0	0	0	0	0	0	0	0
7/4/2024	05:46:57.93  PM	10.00	3.992	4.095	49.634	1.661	4.095	631.095	4.095	303.154	0.000	95.293	0.000	0.000	78	87	86	80	60	57	59	45	73	41	37	37	33	21	31	37	17	18	26	22	25	25	67	234	1258	4210	7101	8063	8460	9628	6731	3307	1333	714	585	514	368	342	226	177	134	129	75	56	41	35	28	23	16	11	9	2	1	0	2	0	1	0	0	1	2	0	0	0	1	0	0	0	0	0	0	0	0	0	0	0	0	0	0	0	0	0	0	0	0	0	0	0	0	0	0	0	0	0	0	0	0	0	0
7/4/2024	05:47:07.93  PM	10.00	4.000	4.095	49.622	1.656	4.095	631.081	4.095	303.118	0.000	95.299	0.000	0.000	102	111	79	83	82	70	65	74	78	55	32	21	30	25	18	28	25	28	22	12	19	36	61	250	1268	4355	7148	7781	8497	9273	6701	3161	1340	722	594	469	388	332	237	195	140	94	90	48	47	36	37	16	17	12	3	2	0	1	0	0	0	0	1	0	1	0	1	0	0	0	0	0	0	0	0	0	0	0	0	0	0	0	0	0	0	0	0	0	0	0	0	0	0	0	0	0	0	0	0	0	0	0	0
7/4/2024	05:47:17.93  PM	10.00	4.023	4.095	49.628	1.662	4.095	631.223	4.095	303.111	0.000	95.289	0.000	0.000	113	88	101	78	72	50	57	76	75	52	36	23	30	28	27	34	27	24	27	22	20	27	64	224	1308	4310	7251	8108	8579	9597	6562	3106	1306	783	581	543	407	336	227	199	152	118	80	64	38	29	20	19	15	13	1	3	3	2	0	0	0	1	0	1	0	0	3	1	1	0	0	0	0	1	0	0	0	0	0	0	0	0	0	0	0	0	0	0	0	0	0	0	0	0	0	0	0	0	0	0	0	0	0
