Date	Time	Accum.	Scatter	Current	Sample	Ref.	Temp.	Sheath	Diff.	Box	Purge	Pres.	Aux.	Flow	90.00	94.39	98.99	103.81	108.87	114.17	119.74	125.57	131.69	138.11	144.84	151.90	159.30	167.06	175.20	183.74	192.69	202.09	211.93	222.26	233.09	244.45	256.36	268.86	281.96	295.70	310.11	325.22	341.07	357.69	375.12	393.40	412.57	432.67	453.76	475.87	499.06	523.38	548.89	575.63	603.69	633.10	663.96	696.31	730.24	765.83	803.15	842.29	883.33	926.38	971.52	1018.87	1068.52	1120.59	1175.20	1232.46	1292.52	1355.51	1421.57	1490.84	1563.49	1639.68	1719.59	1803.38	1891.27	1983.43	2080.08	2181.45	2287.75	2399.24	2516.16	2638.77	2767.36	2902.22	3043.65	3191.97	3347.52	3510.65	3681.73	3861.14	4049.30	4246.63	4453.57	4670.60	4898.20	5136.90	5387.23	5649.75	5925.07	6213.81	6516.61	6834.18	7167.22	7516.48	7882.77	8266.91	8669.77	9092.25	9535.33
-	-	Secs	Volts	Volts	sccm	Volts	Volts	sccm	Volts	K	sccm	kPa	Volts	sccm	94.39	98.99	103.81	108.87	114.17	119.74	125.57	131.69	138.11	144.84	151.90	159.30	167.06	175.20	183.74	192.69	202.09	211.93	222.26	233.09	244.45	256.36	268.86	281.96	295.70	310.11	325.22	341.07	357.69	375.12	393.40	412.57	432.67	453.76	475.87	499.06	523.38	548.89	575.63	603.69	633.10	663.96	696.31	730.24	765.83	803.15	842.29	883.33	926.38	971.52	1018.87	1068.52	1120.59	1175.20	1232.46	1292.52	1355.51	1421.57	1490.84	1563.49	1639.68	1719.59	1803.38	1891.27	1983.43	2080.08	2181.45	2287.75	2399.24	2516.16	2638.77	2767.36	2902.22	3043.65	3191.97	3347.52	3510.65	3681.73	3861.14	4049.30	4246.63	4453.57	4670.60	4898.20	5136.90	5387.23	5649.75	5925.07	6213.81	6516.61	6834.18	7167.22	7516.48	7882.77	8266.91	8669.77	9092.25	9535.33	10000.00
7/4/2024	08:14:27.09  PM	10.00	4.054	4.054	49.134	1.560	4.054	626.968	4.054	299.930	0.000	94.373	0.000	0.000	181	131	111	85	57	58	33	41	38	24	13	20	26	27	32	34	32	35	37	27	36	14	10	20	14	12	16	15	36	29	70	397	702	966	1497	2304	3325	4516	5650	6205	5913	4401	3167	2184	1715	1351	1035	845	831	727	361	112	88	76	64	37	45	55	40	42	35	54	36	37	22	24	14	6	7	3	0	2	2	0	0	0	0	0	0	0	0	0	1	0	0	0	0	0	0	0	0	0	0	0	0	0	0	0	0
7/4/2024	08:14:37.09  PM	10.00	4.095	4.095	49.635	1.578	4.095	633.292	4.095	302.916	0.000	95.324	0.000	0.000	167	158	116	63	65	48	29	50	47	28	15	25	23	35	37	35	25	23	25	31	35	25	13	15	15	15	9	29	20	17	70	330	708	939	1470	2277	3228	4449	5547	6395	6025	4732	3130	2219	1815	1429	1132	852	885	759	402	98	88	77	57	64	56	29	37	33	24	47	39	36	30	18	9	4	4	8	3	2	1	0	1	0	0	0	0	0	0	0	1	0	0	0	0	0	0	0	0	0	0	0	0	0	0	0	0
7/4/2024	08:14:47.09  PM	10.00	4.093	4.095	49.627	1.583	4.095	633.244	4.095	303.175	0.000	95.320	0.000	0.000	206	172	128	103	71	54	37	37	42	30	22	22	22	38	41	32	31	24	33	25	28	17	29	21	21	23	13	24	18	21	88	340	614	835	1348	2051	3054	4104	5345	6368	6117	4746	3230	2259	1752	1500	1130	873	883	758	393	107	86	69	62	59	60	47	43	23	29	56	36	39	30	21	9	2	2	5	4	3	2	0	0	0	0	0	0	0	0	0	0	0	0	0	0	0	0	1	0	0	0	0	0	0	0	0	0
7/4/2024	08:14:57.09  PM	10.00	4.095	4.095	49.629	1.583	4.095	633.083	4.095	303.250	0.000	95.321	0.000	0.000	161	133	102	76	57	47	35	47	40	27	23	24	35	31	34	29	44	26	11	39	27	24	26	19	22	24	16	27	24	22	58	305	585	786	1360	2026	2938	4078	5178	6055	5938	4749	3378	2338	1743	1394	1088	915	822	728	383	101	106	65	68	46	47	56	43	43	34	53	43	34	32	21	9	8	8	4	3	1	2	1	2	1	0	0	0	1	1	0	0	0	0	0	0	0	0	0	0	0	0	0	0	0	0	0	0
7/4/2024	08:15:07.09  PM	10.00	4.095	4.095	49.627	1.581	4.095	633.102	4.095	303.252	0.000	95.319	0.000	0.000	146	108	95	78	57	56	33	44	39	28	25	30	23	36	40	44	36	26	31	23	21	23	17	8	13	16	16	11	15	28	56	275	563	787	1256	1988	2929	4220	5540	6206	6223	5010	3483	2381	1828	1520	1165	1007	908	786	393	117	90	79	74	67	54	48	46	38	37	59	48	46	28	17	12	3	11	3	2	2	1	2	0	0	1	1	1	0	2	0	0	0	0	0	0	0	0	0	0	0	0	0	0	0	0	0	0
7/4/2024	08:15:17.09  PM	10.00	4.092	4.095	49.634	1.583	4.095	633.088	4.095	303.088	0.000	95.317	0.000	0.000	168	122	72	78	53	39	41	36	47	26	16	25	17	23	25	36	31	29	16	27	23	22	20	15	21	9	12	23	17	19	60	267	531	803	1268	2025	2908	3978	5297	6114	6044	4982	3429	2409	1842	1432	1188	898	930	712	411	104	108	91	79	57	42	30	37	35	31	64	38	27	26	14	8	7	3	4	1	0	0	0	1	0	0	0	0	0	1	0	0	0	0	0	1	0	0	0	0	0	0	0	0	0	0	0	0
7/4/2024	08:15:27.09  PM	10.00	4.095	4.095	49.627	1.584	4.095	632.974	4.095	302.878	0.000	95.318	0.000	0.000	130	130	84	62	48	47	51	30	38	33	21	26	26	29	35	30	24	31	26	20	20	26	22	22	14	9	18	26	19	29	58	266	614	801	1287	2014	2889	4004	5355	6136	6113	4909	3352	2326	1818	1490	1134	927	876	753	370	107	84	97	65	53	58	47	49	37	27	54	33	23	18	23	14	7	8	7	3	2	0	1	2	0	0	3	1	0	0	0	0	0	0	0	0	0	0	0	0	0	0	0	0	0	0	0	0
7/4/2024	08:15:37.09  PM	10.00	4.091	4.095	49.634	1.583	4.095	633.031	4.095	302.779	0.000	95.327	0.000	0.000	179	136	103	70	48	56	42	39	50	34	26	37	30	20	30	39	35	24	25	18	19	31	20	18	25	13	19	23	24	25	56	280	579	836	1302	1999	2981	4120	5360	6305	6118	5012	3448	2440	1837	1492	1114	930	891	780	373	125	78	81	73	63	48	51	47	31	36	49	47	30	17	20	15	8	4	5	1	2	1	1	0	0	0	0	1	0	0	0	0	0	0	0	0	0	0	1	0	0	0	0	0	0	0	0	1
7/4/2024	08:15:47.09  PM	10.00	4.095	4.095	49.629	1.581	4.095	633.087	4.095	302.885	0.000	95.318	0.000	0.000	198	154	132	75	53	51	55	29	36	34	25	23	27	38	27	25	31	19	20	25	27	18	13	10	21	19	18	18	18	12	48	246	549	793	1291	1960	2992	4157	5269	6171	6020	4894	3317	2320	1787	1447	1141	913	894	757	353	110	84	76	68	59	43	38	28	41	25	50	54	34	21	16	9	7	5	1	4	2	1	0	1	1	0	0	0	0	0	0	0	0	0	0	0	1	0	0	0	0	0	0	0	0	0	1	0
7/4/2024	08:15:57.09  PM	10.00	4.095	4.095	49.624	1.578	4.095	632.865	4.095	302.869	0.000	95.324	0.000	0.000	223	152	127	95	77	47	36	40	44	30	20	18	23	30	23	28	33	24	25	23	33	25	14	19	27	16	18	21	24	33	65	266	533	806	1283	2033	2946	4180	5315	6263	6132	4847	3421	2292	1814	1436	1204	881	953	762	369	117	100	74	59	57	44	49	38	35	42	48	41	42	21	23	12	6	4	6	1	3	0	1	0	0	0	0	0	0	0	0	0	0	0	0	0	0	0	0	0	0	0	0	0	0	0	0	0
7/4/2024	08:16:07.09  PM	10.00	4.095	4.095	49.635	1.572	4.095	632.708	4.095	302.868	0.000	95.317	0.000	0.000	158	144	107	72	71	47	38	39	44	33	27	30	21	25	38	27	22	25	31	18	17	21	19	18	20	17	18	17	25	23	53	289	593	784	1259	1995	2859	4184	5327	6381	6292	4889	3461	2373	1886	1506	1191	921	944	799	376	138	90	86	76	51	58	45	43	29	26	49	38	33	20	15	12	6	3	5	2	1	0	1	2	0	1	2	0	0	0	0	0	0	0	0	0	0	0	0	0	0	0	0	0	0	1	0	0
