Date	Time	Accum.	Scatter	Current	Sample	Ref.	Temp.	Sheath	Diff.	Box	Purge	Pres.	Aux.	Flow	90.00	94.39	98.99	103.81	108.87	114.17	119.74	125.57	131.69	138.11	144.84	151.90	159.30	167.06	175.20	183.74	192.69	202.09	211.93	222.26	233.09	244.45	256.36	268.86	281.96	295.70	310.11	325.22	341.07	357.69	375.12	393.40	412.57	432.67	453.76	475.87	499.06	523.38	548.89	575.63	603.69	633.10	663.96	696.31	730.24	765.83	803.15	842.29	883.33	926.38	971.52	1018.87	1068.52	1120.59	1175.20	1232.46	1292.52	1355.51	1421.57	1490.84	1563.49	1639.68	1719.59	1803.38	1891.27	1983.43	2080.08	2181.45	2287.75	2399.24	2516.16	2638.77	2767.36	2902.22	3043.65	3191.97	3347.52	3510.65	3681.73	3861.14	4049.30	4246.63	4453.57	4670.60	4898.20	5136.90	5387.23	5649.75	5925.07	6213.81	6516.61	6834.18	7167.22	7516.48	7882.77	8266.91	8669.77	9092.25	9535.33
-	-	Secs	Volts	Volts	sccm	Volts	Volts	sccm	Volts	K	sccm	kPa	Volts	sccm	94.39	98.99	103.81	108.87	114.17	119.74	125.57	131.69	138.11	144.84	151.90	159.30	167.06	175.20	183.74	192.69	202.09	211.93	222.26	233.09	244.45	256.36	268.86	281.96	295.70	310.11	325.22	341.07	357.69	375.12	393.40	412.57	432.67	453.76	475.87	499.06	523.38	548.89	575.63	603.69	633.10	663.96	696.31	730.24	765.83	803.15	842.29	883.33	926.38	971.52	1018.87	1068.52	1120.59	1175.20	1232.46	1292.52	1355.51	1421.57	1490.84	1563.49	1639.68	1719.59	1803.38	1891.27	1983.43	2080.08	2181.45	2287.75	2399.24	2516.16	2638.77	2767.36	2902.22	3043.65	3191.97	3347.52	3510.65	3681.73	3861.14	4049.30	4246.63	4453.57	4670.60	4898.20	5136.90	5387.23	5649.75	5925.07	6213.81	6516.61	6834.18	7167.22	7516.48	7882.77	8266.91	8669.77	9092.25	9535.33	10000.00
7/4/2024	05:19:08.60  PM	10.00	3.990	4.054	49.134	1.626	4.054	632.585	4.054	300.286	0.000	94.364	0.000	0.000	95	114	78	65	63	62	58	66	61	43	42	47	32	23	39	28	36	32	29	25	50	81	239	753	2877	6956	8862	8359	8894	8906	5585	2818	1291	727	596	484	385	280	217	180	149	92	91	58	51	28	23	24	6	7	5	2	1	1	0	0	1	1	2	0	0	1	1	0	0	0	0	0	0	0	0	0	0	0	0	0	0	0	0	0	0	0	0	0	0	0	0	0	0	0	0	0	0	0	0	0	0	0	0
7/4/2024	05:19:18.60  PM	10.00	3.996	4.095	49.608	1.639	4.095	639.008	4.095	303.191	0.000	95.318	0.000	0.000	96	108	100	85	78	57	66	50	76	50	37	32	39	32	20	26	28	34	28	26	48	84	273	747	2849	6806	8675	8205	8997	8626	5396	2699	1322	688	571	486	340	292	220	166	154	111	73	43	49	24	26	15	17	14	5	2	2	0	2	1	0	1	0	0	1	1	0	2	0	0	0	0	0	0	0	0	0	0	0	0	0	0	0	0	0	0	0	0	0	0	0	0	0	0	0	0	0	0	0	0	0	0	0
7/4/2024	05:19:28.60  PM	10.00	3.998	4.095	49.636	1.644	4.095	639.032	4.095	303.359	0.000	95.313	0.000	0.000	97	105	79	61	73	75	67	67	68	38	40	42	33	27	31	28	30	21	20	30	53	116	237	788	2892	7013	8648	8337	9403	8956	5704	2812	1298	667	615	438	394	286	227	187	146	114	77	57	31	41	27	13	18	14	2	2	2	0	2	1	0	2	0	0	0	1	0	0	0	0	0	0	0	1	0	0	0	0	0	0	0	0	0	0	0	0	0	0	0	0	0	0	0	0	0	0	0	0	0	0	0	0	0
7/4/2024	05:19:38.60  PM	10.00	3.998	4.095	49.640	1.651	4.095	639.061	4.095	303.582	0.000	95.311	0.000	0.000	109	103	81	77	70	64	82	84	79	41	31	26	37	33	35	31	16	28	31	35	45	104	299	863	3129	7345	8953	8469	9135	8539	5195	2652	1179	718	585	426	348	275	234	155	153	74	83	50	31	34	28	13	18	14	8	1	3	0	2	0	0	0	0	0	0	1	1	1	0	0	0	0	0	0	0	0	0	0	0	0	0	0	0	0	0	0	0	0	0	0	0	0	0	0	0	0	0	0	0	0	0	0	0
7/4/2024	05:19:48.60  PM	10.00	4.003	4.095	49.626	1.653	4.095	638.927	4.095	303.655	0.000	95.314	0.000	0.000	96	87	83	67	65	57	61	55	88	66	41	33	41	36	34	32	30	26	40	35	58	119	304	835	3167	7287	8779	8390	8879	8762	5289	2755	1223	663	522	452	368	264	226	171	127	75	76	51	35	39	27	21	10	8	5	0	1	0	1	0	2	0	1	0	0	1	0	1	0	0	0	0	0	0	0	0	0	0	0	0	0	0	0	0	0	0	0	0	0	0	0	0	0	0	0	0	0	0	0	0	0	0	0
7/4/2024	05:19:58.60  PM	10.00	4.008	4.095	49.625	1.657	4.095	638.908	4.095	303.761	0.000	95.316	0.000	0.000	106	113	82	77	67	59	64	55	77	50	42	29	36	37	24	33	26	22	30	30	38	111	291	763	2893	7137	8772	8237	8743	8564	5225	2755	1164	641	528	428	331	295	219	181	126	121	68	45	39	30	22	14	13	7	5	1	0	2	1	1	2	0	0	0	2	0	1	0	0	0	0	0	0	0	0	0	0	0	0	0	0	0	0	0	0	0	0	0	0	0	0	0	0	0	0	0	0	0	0	0	0	0	0
7/4/2024	05:20:08.60  PM	10.00	3.999	4.095	49.629	1.660	4.095	639.185	4.095	303.719	0.000	95.318	0.000	0.000	87	100	76	67	60	69	70	56	75	46	38	34	39	43	37	33	32	27	36	23	53	111	271	792	2959	6996	8744	8112	8989	8351	5277	2631	1201	670	565	476	346	281	217	158	118	114	73	53	30	32	30	14	16	9	5	3	3	0	0	2	1	1	1	1	1	0	0	1	1	0	0	0	0	0	0	0	0	0	0	0	0	0	0	0	0	0	0	0	0	0	0	0	0	0	0	0	0	0	0	0	0	0	0
7/4/2024	05:20:18.60  PM	10.00	4.010	4.095	49.645	1.660	4.095	639.380	4.095	303.620	0.000	95.317	0.000	0.000	95	91	75	72	62	65	61	65	88	50	25	28	32	46	29	35	35	28	28	33	53	111	282	846	3110	7392	9029	8462	8751	8440	5152	2669	1174	660	538	426	393	289	245	179	133	101	87	48	40	30	21	22	12	12	6	2	0	1	2	1	0	0	1	1	1	1	1	0	0	0	0	0	0	0	0	0	0	0	0	0	0	0	0	0	0	0	0	0	0	0	0	0	0	0	0	0	0	0	0	0	0	0	0
7/4/2024	05:20:28.60  PM	10.00	3.988	4.095	49.635	1.661	4.095	639.328	4.095	303.606	0.000	95.315	0.000	0.000	138	100	94	59	63	60	65	77	68	43	27	25	32	24	28	25	37	28	26	30	56	114	244	845	2952	7154	8702	8448	8908	8680	5469	2819	1191	729	540	462	367	296	229	147	129	104	77	51	45	28	20	18	11	8	3	1	1	2	0	0	0	0	1	2	0	1	0	0	0	1	0	0	0	0	0	0	0	0	1	0	0	0	0	0	0	0	0	0	0	0	0	0	0	0	0	0	0	0	0	0	0	0	0
7/4/2024	05:20:38.60  PM	10.00	4.030	4.095	49.621	1.661	4.095	639.261	4.095	303.688	0.000	95.318	0.000	0.000	104	106	70	74	78	66	68	67	67	54	29	41	36	42	26	30	31	31	40	39	48	118	279	910	2927	7279	8876	8565	9020	8650	5384	2800	1236	665	504	405	377	297	239	195	125	104	70	56	55	34	23	12	20	10	5	1	3	0	1	1	1	0	0	0	0	0	0	0	0	0	0	0	0	0	0	0	0	0	0	0	0	0	0	0	0	0	0	0	0	0	0	0	0	0	0	0	0	0	0	0	0	0	0
7/4/2024	05:20:48.60  PM	10.00	4.016	4.095	49.624	1.663	4.095	639.466	4.095	303.596	0.000	95.317	0.000	0.000	82	88	68	74	56	66	81	62	91	56	45	33	42	33	29	37	24	46	27	27	46	110	295	797	2854	7174	8923	8392	8848	8879	5518	2823	1283	651	555	453	409	308	240	180	126	98	77	57	42	27	22	17	19	8	3	2	1	2	0	1	0	0	1	0	0	1	0	0	0	0	0	0	0	0	0	0	0	0	0	0	0	0	0	0	0	0	0	0	0	0	0	0	0	0	0	0	0	0	0	0	0	0	0
