Date	Time	Accum.	Scatter	Current	Sample	Ref.	Temp.	Sheath	Diff.	Box	Purge	Pres.	Aux.	Flow	90.00	94.39	98.99	103.81	108.87	114.17	119.74	125.57	131.69	138.11	144.84	151.90	159.30	167.06	175.20	183.74	192.69	202.09	211.93	222.26	233.09	244.45	256.36	268.86	281.96	295.70	310.11	325.22	341.07	357.69	375.12	393.40	412.57	432.67	453.76	475.87	499.06	523.38	548.89	575.63	603.69	633.10	663.96	696.31	730.24	765.83	803.15	842.29	883.33	926.38	971.52	1018.87	1068.52	1120.59	1175.20	1232.46	1292.52	1355.51	1421.57	1490.84	1563.49	1639.68	1719.59	1803.38	1891.27	1983.43	2080.08	2181.45	2287.75	2399.24	2516.16	2638.77	2767.36	2902.22	3043.65	3191.97	3347.52	3510.65	3681.73	3861.14	4049.30	4246.63	4453.57	4670.60	4898.20	5136.90	5387.23	5649.75	5925.07	6213.81	6516.61	6834.18	7167.22	7516.48	7882.77	8266.91	8669.77	9092.25	9535.33
-	-	Secs	Volts	Volts	sccm	Volts	Volts	sccm	Volts	K	sccm	kPa	Volts	sccm	94.39	98.99	103.81	108.87	114.17	119.74	125.57	131.69	138.11	144.84	151.90	159.30	167.06	175.20	183.74	192.69	202.09	211.93	222.26	233.09	244.45	256.36	268.86	281.96	295.70	310.11	325.22	341.07	357.69	375.12	393.40	412.57	432.67	453.76	475.87	499.06	523.38	548.89	575.63	603.69	633.10	663.96	696.31	730.24	765.83	803.15	842.29	883.33	926.38	971.52	1018.87	1068.52	1120.59	1175.20	1232.46	1292.52	1355.51	1421.57	1490.84	1563.49	1639.68	1719.59	1803.38	1891.27	1983.43	2080.08	2181.45	2287.75	2399.24	2516.16	2638.77	2767.36	2902.22	3043.65	3191.97	3347.52	3510.65	3681.73	3861.14	4049.30	4246.63	4453.57	4670.60	4898.20	5136.90	5387.23	5649.75	5925.07	6213.81	6516.61	6834.18	7167.22	7516.48	7882.77	8266.91	8669.77	9092.25	9535.33	10000.00
7/4/2024	12:40:52.40  PM	10.00	1.626	4.054	49.130	1.696	4.054	637.365	4.054	298.796	0.000	94.455	0.000	0.000	207	172	135	140	147	165	197	222	323	378	809	1389	2349	3550	4856	6674	8288	8119	6682	5343	4889	5017	4659	3935	3739	2960	1708	1056	670	410	223	109	42	13	9	13	8	2	2	3	1	0	0	1	1	0	0	0	0	0	0	0	0	0	0	0	0	0	0	0	0	0	0	0	0	0	0	0	0	0	0	0	0	0	0	0	0	0	0	0	0	0	0	0	0	0	0	0	0	0	0	0	0	0	0	0	0	0	0
7/4/2024	12:41:02.40  PM	10.00	1.675	4.095	49.626	1.715	4.095	643.731	4.095	301.749	0.000	95.416	0.000	0.000	155	161	138	136	134	159	193	261	323	436	734	1398	2284	3652	5012	6586	8105	8198	6687	5252	5101	5065	4649	3906	3746	2911	1649	1045	638	405	210	113	43	19	17	13	4	6	2	0	0	1	0	0	0	0	1	0	0	0	0	0	0	0	0	0	0	0	0	0	0	0	0	0	0	0	0	0	0	0	0	0	0	0	0	0	0	0	0	0	0	0	0	0	0	0	0	0	0	0	0	0	0	0	0	0	0	0	0
7/4/2024	12:41:12.40  PM	10.00	1.655	4.095	49.641	1.719	4.095	643.779	4.095	301.702	0.000	95.407	0.000	0.000	166	161	163	141	117	142	188	249	307	431	765	1368	2281	3549	4951	6576	8033	8010	6538	5452	5169	5003	4523	3808	3714	2916	1631	1011	699	363	230	84	39	19	15	9	3	3	7	1	1	1	1	0	0	1	0	0	0	0	0	0	0	0	0	0	0	0	0	0	0	0	0	0	0	0	0	0	0	0	0	0	0	0	0	0	0	0	0	0	0	0	0	0	0	0	0	0	0	0	0	0	0	0	0	0	0	0	0
7/4/2024	12:41:22.40  PM	10.00	1.621	4.095	49.633	1.723	4.095	643.841	4.095	301.831	0.000	95.414	0.000	0.000	174	139	167	141	139	156	152	230	332	403	822	1365	2290	3503	4956	6532	8041	7973	6547	5145	5028	4958	4550	3856	3783	3074	1695	1114	649	383	191	121	38	18	12	11	3	8	2	5	2	2	1	0	0	0	0	0	0	0	0	0	0	0	0	0	0	0	0	0	0	0	0	0	0	0	0	0	0	0	0	0	0	0	0	0	0	0	0	0	0	0	0	0	0	0	0	0	0	0	0	0	0	0	0	0	0	0	0
7/4/2024	12:41:32.40  PM	10.00	1.718	4.095	49.623	1.727	4.095	643.731	4.095	301.943	0.000	95.410	0.000	0.000	154	162	137	145	157	135	186	203	350	385	674	1336	2316	3522	5158	6817	8206	8128	6555	5415	5127	5051	4750	3952	3876	2944	1671	1114	667	423	187	102	37	17	8	6	5	4	4	0	1	2	0	0	0	0	0	0	0	0	0	0	0	0	0	0	0	0	0	0	0	0	0	0	0	0	0	0	0	0	0	0	0	0	0	0	0	0	0	0	0	0	0	0	0	0	0	0	0	0	0	0	0	0	0	0	0	0	0
7/4/2024	12:41:42.40  PM	10.00	1.686	4.095	49.625	1.729	4.095	643.894	4.095	302.023	0.000	95.415	0.000	0.000	160	169	147	156	138	150	168	232	367	408	696	1366	2243	3444	4994	6608	8099	8231	6686	5138	5185	5066	4694	3867	3793	3034	1715	1160	668	373	233	97	44	10	15	8	3	2	4	1	1	0	0	0	0	0	0	0	0	0	0	0	0	0	0	0	0	0	0	0	0	0	0	0	0	0	0	0	0	0	0	0	0	0	0	0	0	0	0	0	0	0	0	0	0	0	0	0	0	0	0	0	0	0	0	0	0	0	0
7/4/2024	12:41:52.40  PM	10.00	1.690	4.095	49.625	1.724	4.095	643.856	4.095	302.075	0.000	95.412	0.000	0.000	169	170	130	137	138	136	203	249	317	425	728	1282	2189	3478	4834	6505	7897	7971	6491	5373	5120	5188	4768	3935	3901	3023	1710	1100	694	430	205	104	38	19	15	10	10	7	3	2	0	0	1	0	0	0	0	0	0	0	0	0	0	0	0	0	0	0	0	0	0	0	0	0	0	0	0	0	0	0	0	0	0	0	0	0	0	0	0	0	0	0	0	0	0	0	0	0	0	0	0	0	0	0	0	0	0	0	0
7/4/2024	12:42:02.40  PM	10.00	1.680	4.095	49.629	1.721	4.095	643.817	4.095	302.027	0.000	95.418	0.000	0.000	170	183	176	176	150	146	178	256	305	420	764	1341	2223	3519	4900	6656	8015	8179	6602	5250	5023	5033	4563	3886	3690	2886	1705	1102	658	384	194	92	34	21	10	6	3	3	2	1	1	0	0	0	0	0	0	0	0	0	0	0	0	0	0	0	0	0	0	0	0	0	0	0	0	0	0	0	0	0	0	0	0	0	0	0	0	0	0	0	0	0	0	0	0	0	0	0	0	0	0	0	0	0	0	0	0	0	0
7/4/2024	12:42:12.40  PM	10.00	1.598	4.095	49.633	1.725	4.095	643.640	4.095	301.857	0.000	95.411	0.000	0.000	167	176	146	159	145	147	163	226	336	432	762	1324	2380	3508	5061	6708	8330	8117	6544	5336	4982	4915	4754	3942	3797	2919	1626	1087	680	376	180	104	34	14	8	8	12	1	1	2	1	2	0	0	0	0	0	0	0	0	0	0	0	0	0	0	0	0	0	0	0	0	0	0	0	0	0	0	0	0	0	0	0	0	0	0	0	0	0	0	0	0	0	0	0	0	0	0	0	0	0	0	0	0	0	0	0	0	0
7/4/2024	12:42:22.40  PM	10.00	1.706	4.095	49.631	1.733	4.095	643.611	4.095	301.726	0.000	95.412	0.000	0.000	180	167	160	154	162	137	174	261	336	430	712	1326	2199	3532	4854	6618	8073	8288	6695	5355	5083	4895	4618	3930	3923	2961	1655	1048	651	392	230	91	37	20	7	4	7	2	0	3	1	2	0	0	0	0	1	0	0	0	0	0	0	0	0	0	0	0	0	0	0	0	0	0	0	0	0	0	0	0	0	0	0	0	0	0	0	0	0	0	0	0	0	0	0	0	0	0	0	0	0	0	0	0	0	0	0	0	0
7/4/2024	12:42:32.40  PM	10.00	1.695	4.095	49.630	1.748	4.095	643.631	4.095	301.679	0.000	95.408	0.000	0.000	180	191	144	138	158	162	184	248	337	427	691	1313	2208	3525	4821	6494	8105	8221	6751	5344	5155	5033	4840	3993	3812	2992	1691	1175	692	369	198	112	37	20	12	9	7	2	3	3	0	1	0	0	0	1	0	0	0	0	0	0	0	0	0	0	0	0	0	0	0	0	0	0	0	0	0	0	0	0	0	0	0	0	0	0	0	0	0	0	0	0	0	0	0	0	0	0	0	0	0	0	0	0	0	0	0	0	0
