Date	Time	Accum.	Scatter	Current	Sample	Ref.	Temp.	Sheath	Diff.	Box	Purge	Pres.	Aux.	Flow	90.00	94.39	98.99	103.81	108.87	114.17	119.74	125.57	131.69	138.11	144.84	151.90	159.30	167.06	175.20	183.74	192.69	202.09	211.93	222.26	233.09	244.45	256.36	268.86	281.96	295.70	310.11	325.22	341.07	357.69	375.12	393.40	412.57	432.67	453.76	475.87	499.06	523.38	548.89	575.63	603.69	633.10	663.96	696.31	730.24	765.83	803.15	842.29	883.33	926.38	971.52	1018.87	1068.52	1120.59	1175.20	1232.46	1292.52	1355.51	1421.57	1490.84	1563.49	1639.68	1719.59	1803.38	1891.27	1983.43	2080.08	2181.45	2287.75	2399.24	2516.16	2638.77	2767.36	2902.22	3043.65	3191.97	3347.52	3510.65	3681.73	3861.14	4049.30	4246.63	4453.57	4670.60	4898.20	5136.90	5387.23	5649.75	5925.07	6213.81	6516.61	6834.18	7167.22	7516.48	7882.77	8266.91	8669.77	9092.25	9535.33
-	-	Secs	Volts	Volts	sccm	Volts	Volts	sccm	Volts	K	sccm	kPa	Volts	sccm	94.39	98.99	103.81	108.87	114.17	119.74	125.57	131.69	138.11	144.84	151.90	159.30	167.06	175.20	183.74	192.69	202.09	211.93	222.26	233.09	244.45	256.36	268.86	281.96	295.70	310.11	325.22	341.07	357.69	375.12	393.40	412.57	432.67	453.76	475.87	499.06	523.38	548.89	575.63	603.69	633.10	663.96	696.31	730.24	765.83	803.15	842.29	883.33	926.38	971.52	1018.87	1068.52	1120.59	1175.20	1232.46	1292.52	1355.51	1421.57	1490.84	1563.49	1639.68	1719.59	1803.38	1891.27	1983.43	2080.08	2181.45	2287.75	2399.24	2516.16	2638.77	2767.36	2902.22	3043.65	3191.97	3347.52	3510.65	3681.73	3861.14	4049.30	4246.63	4453.57	4670.60	4898.20	5136.90	5387.23	5649.75	5925.07	6213.81	6516.61	6834.18	7167.22	7516.48	7882.77	8266.91	8669.77	9092.25	9535.33	10000.00
7/4/2024	06:01:35.95  PM	10.00	3.967	4.054	49.116	1.624	4.054	624.577	4.054	300.375	0.000	94.335	0.000	0.000	110	109	63	68	66	66	50	61	64	53	36	29	28	31	29	25	26	22	21	17	19	16	38	137	777	3018	6013	7589	8511	10210	7894	3704	1498	777	642	527	437	314	253	182	144	103	64	61	53	25	18	22	19	9	6	0	0	1	1	0	3	1	1	0	1	1	0	0	1	0	0	0	0	0	0	0	0	0	0	0	0	0	0	0	0	0	0	0	0	0	0	0	0	0	0	0	0	0	0	0	0	0	0
7/4/2024	06:01:45.94  PM	10.00	4.025	4.095	49.637	1.640	4.095	631.010	4.095	303.583	0.000	95.283	0.000	0.000	113	105	63	81	60	46	50	59	78	52	37	43	31	27	33	31	32	32	24	30	24	19	40	119	817	3110	5879	7404	8455	10369	8015	3856	1588	867	702	593	498	346	252	210	151	127	82	55	43	34	20	15	16	16	2	2	0	0	2	0	0	0	0	0	1	0	1	2	0	0	0	0	0	0	0	0	0	0	0	0	0	0	0	0	0	0	0	0	0	0	0	0	0	0	0	0	0	0	0	0	0	0	0
7/4/2024	06:01:55.95  PM	10.00	3.988	4.095	49.626	1.641	4.095	631.086	4.095	303.662	0.000	95.282	0.000	0.000	127	90	97	75	69	62	74	51	81	65	28	24	30	34	32	25	24	19	23	23	21	22	34	115	777	3038	5918	7409	8754	10389	8141	3975	1553	827	697	582	440	331	265	194	127	106	80	61	39	39	24	19	13	14	4	3	1	1	2	0	3	0	1	0	0	0	1	1	0	0	0	0	0	1	0	0	0	0	0	0	0	0	0	0	0	0	0	0	0	0	0	0	0	0	0	0	0	0	0	0	0	0	0
7/4/2024	06:02:05.95  PM	10.00	3.979	4.095	49.632	1.640	4.095	630.968	4.095	303.686	0.000	95.277	0.000	0.000	109	99	84	71	69	66	64	65	80	47	36	18	33	15	41	28	27	28	23	11	23	24	26	132	839	3187	5898	7415	8648	10215	7793	3909	1563	863	678	576	421	347	270	178	160	113	68	61	46	24	13	9	9	9	5	2	3	3	0	0	0	2	1	0	1	0	3	0	0	1	0	1	0	0	0	0	0	0	0	0	0	0	0	0	0	0	0	0	0	0	0	0	0	0	0	0	0	0	0	0	0	0	0
7/4/2024	06:02:15.95  PM	10.00	3.991	4.095	49.626	1.642	4.095	630.944	4.095	303.684	0.000	95.284	0.000	0.000	117	89	112	73	69	59	83	75	86	48	34	40	25	26	38	24	23	20	29	15	14	24	40	106	745	3028	5969	7675	8523	10138	7871	3847	1462	810	691	543	497	367	255	201	170	117	92	65	47	36	26	21	21	14	2	1	3	0	2	0	0	2	0	1	0	2	1	0	0	0	1	1	0	1	0	1	0	0	0	0	0	0	0	0	0	0	0	0	0	0	0	0	0	0	0	0	0	0	0	0	0	0	0
7/4/2024	06:02:25.95  PM	10.00	4.019	4.095	49.622	1.640	4.095	630.930	4.095	303.535	0.000	95.283	0.000	0.000	100	106	82	80	58	59	66	75	74	52	34	30	28	31	23	21	23	19	23	21	17	16	29	85	739	2870	5845	7451	8346	10152	8174	3873	1579	853	705	574	425	377	271	189	166	88	85	60	40	35	19	15	16	8	8	1	2	0	1	0	0	1	1	0	0	1	1	1	0	0	0	0	1	0	0	0	0	0	0	0	0	0	0	0	0	0	0	0	0	0	0	0	0	0	0	0	0	0	0	0	0	0	0
7/4/2024	06:02:35.95  PM	10.00	4.000	4.095	49.648	1.640	4.095	631.157	4.095	303.389	0.000	95.285	0.000	0.000	97	95	85	68	64	57	55	77	75	36	36	31	28	24	24	32	27	21	26	13	21	25	27	100	647	2831	5844	7446	8474	10335	8235	4069	1559	894	697	571	399	363	253	221	142	112	88	65	55	20	21	16	11	5	9	2	0	1	1	1	1	0	0	0	1	2	0	1	0	1	0	0	0	0	0	0	0	0	0	0	0	0	0	0	0	0	0	0	0	0	0	0	0	0	0	0	0	0	0	0	0	0	0
7/4/2024	06:02:45.95  PM	10.00	3.992	4.095	49.639	1.641	4.095	631.067	4.095	303.305	0.000	95.283	0.000	0.000	85	89	77	53	56	50	69	64	77	53	32	37	35	42	31	33	27	14	15	21	23	14	30	105	724	2883	5660	7367	8481	10440	8362	4112	1577	839	732	595	448	361	306	218	146	133	84	39	51	42	32	15	24	4	8	2	4	3	3	1	0	1	0	0	0	0	2	1	0	0	0	1	0	0	0	0	0	0	0	0	0	0	0	0	0	0	0	0	0	0	0	0	0	0	0	0	0	0	0	0	0	0	0
7/4/2024	06:02:55.95  PM	10.00	3.956	4.095	49.636	1.639	4.095	631.086	4.095	303.248	0.000	95.286	0.000	0.000	116	107	85	76	83	61	54	80	71	60	31	38	25	33	28	25	24	25	34	19	20	17	33	93	710	3011	5928	7395	8502	10239	8034	3882	1501	862	728	559	409	379	249	204	131	108	79	57	53	25	34	20	14	11	6	4	2	3	2	1	2	0	2	0	3	1	1	1	0	1	2	0	0	0	0	0	0	0	0	0	0	0	0	0	0	0	0	0	0	0	0	0	0	0	0	0	0	0	0	0	0	0	0
7/4/2024	06:03:05.95  PM	10.00	3.980	4.095	49.627	1.642	4.095	630.991	4.095	303.375	0.000	95.282	0.000	0.000	103	88	72	75	64	58	57	63	82	46	32	29	24	38	32	14	34	27	15	20	20	14	33	82	699	2907	5912	7371	8530	10531	8186	4058	1530	855	711	557	455	388	273	178	158	100	88	65	53	26	34	17	20	18	7	1	4	0	3	1	0	0	0	0	0	0	1	0	0	0	1	0	0	0	0	0	0	0	0	0	0	0	0	0	0	0	0	0	0	0	0	0	0	0	0	0	0	0	0	0	0	0	0
7/4/2024	06:03:15.95  PM	10.00	4.029	4.095	49.637	1.642	4.095	631.015	4.095	303.530	0.000	95.283	0.000	0.000	120	74	97	67	49	51	56	79	73	52	36	28	32	31	23	22	23	22	18	9	10	25	33	111	686	2888	5729	7349	8539	10719	8302	4059	1627	934	719	597	434	355	269	209	137	121	88	78	36	38	31	18	13	16	4	3	5	1	1	2	1	2	1	0	1	0	0	0	0	1	0	0	0	0	0	0	0	0	0	0	0	0	0	0	0	0	0	0	0	0	0	0	0	0	0	0	0	0	0	0	0	0	0
