Date	Time	Accum.	Scatter	Current	Sample	Ref.	Temp.	Sheath	Diff.	Box	Purge	Pres.	Aux.	Flow	90.00	94.39	98.99	103.81	108.87	114.17	119.74	125.57	131.69	138.11	144.84	151.90	159.30	167.06	175.20	183.74	192.69	202.09	211.93	222.26	233.09	244.45	256.36	268.86	281.96	295.70	310.11	325.22	341.07	357.69	375.12	393.40	412.57	432.67	453.76	475.87	499.06	523.38	548.89	575.63	603.69	633.10	663.96	696.31	730.24	765.83	803.15	842.29	883.33	926.38	971.52	1018.87	1068.52	1120.59	1175.20	1232.46	1292.52	1355.51	1421.57	1490.84	1563.49	1639.68	1719.59	1803.38	1891.27	1983.43	2080.08	2181.45	2287.75	2399.24	2516.16	2638.77	2767.36	2902.22	3043.65	3191.97	3347.52	3510.65	3681.73	3861.14	4049.30	4246.63	4453.57	4670.60	4898.20	5136.90	5387.23	5649.75	5925.07	6213.81	6516.61	6834.18	7167.22	7516.48	7882.77	8266.91	8669.77	9092.25	9535.33
-	-	Secs	Volts	Volts	sccm	Volts	Volts	sccm	Volts	K	sccm	kPa	Volts	sccm	94.39	98.99	103.81	108.87	114.17	119.74	125.57	131.69	138.11	144.84	151.90	159.30	167.06	175.20	183.74	192.69	202.09	211.93	222.26	233.09	244.45	256.36	268.86	281.96	295.70	310.11	325.22	341.07	357.69	375.12	393.40	412.57	432.67	453.76	475.87	499.06	523.38	548.89	575.63	603.69	633.10	663.96	696.31	730.24	765.83	803.15	842.29	883.33	926.38	971.52	1018.87	1068.52	1120.59	1175.20	1232.46	1292.52	1355.51	1421.57	1490.84	1563.49	1639.68	1719.59	1803.38	1891.27	1983.43	2080.08	2181.45	2287.75	2399.24	2516.16	2638.77	2767.36	2902.22	3043.65	3191.97	3347.52	3510.65	3681.73	3861.14	4049.30	4246.63	4453.57	4670.60	4898.20	5136.90	5387.23	5649.75	5925.07	6213.81	6516.61	6834.18	7167.22	7516.48	7882.77	8266.91	8669.77	9092.25	9535.33	10000.00
7/5/2024	01:41:55.25  AM	10.00	3.952	4.054	49.138	1.559	4.054	626.000	4.054	299.975	0.000	94.742	0.000	0.000	210	127	71	57	30	23	19	9	12	4	7	8	14	12	17	35	40	77	85	106	170	185	192	219	274	286	209	200	158	100	96	57	20	26	37	69	95	163	222	280	357	340	309	364	437	477	465	449	656	1616	2237	1343	1392	1638	1783	1751	1703	1588	1444	1316	1187	2016	1342	845	465	291	224	127	70	30	20	14	6	9	3	3	2	2	6	2	0	2	1	4	3	2	3	1	2	1	2	2	1	1	0	3	0	0	0
7/5/2024	01:42:05.25  AM	10.00	3.934	4.095	49.642	1.574	4.095	632.257	4.095	303.000	0.000	95.699	0.000	0.000	216	128	71	44	39	20	31	11	12	9	9	12	14	16	31	28	47	66	81	127	164	190	210	243	276	283	255	222	155	135	94	51	41	21	38	62	103	147	227	267	304	343	279	349	425	411	439	393	721	1558	2283	1349	1455	1630	1797	1767	1733	1586	1540	1355	1130	1986	1311	783	426	317	166	122	69	34	22	10	2	4	2	3	3	1	3	0	0	2	3	0	0	0	2	0	2	1	0	0	0	3	0	0	0	1	0
7/5/2024	01:42:15.25  AM	10.00	3.985	4.095	49.627	1.575	4.095	632.224	4.095	302.970	0.000	95.705	0.000	0.000	225	144	84	49	36	21	17	19	10	12	6	10	18	23	26	33	48	65	78	101	178	165	229	205	255	296	205	197	160	118	84	64	35	20	39	60	108	164	247	308	290	325	373	402	420	428	461	428	656	1572	2289	1289	1469	1624	1758	1875	1722	1612	1512	1299	1172	2009	1313	852	439	292	185	128	65	37	18	8	7	4	4	4	0	4	0	1	0	0	2	0	1	0	4	1	1	0	0	0	1	2	2	0	0	0	0
7/5/2024	01:42:25.25  AM	10.00	3.828	4.095	49.642	1.569	4.095	632.214	4.095	302.918	0.000	95.704	0.000	0.000	218	182	109	50	43	34	17	9	15	14	6	8	10	28	25	27	56	55	91	111	148	176	225	236	272	262	222	203	174	126	76	62	32	23	40	73	73	144	230	289	332	333	280	333	375	438	430	432	705	1532	2222	1225	1441	1660	1701	1778	1679	1597	1476	1335	1197	1982	1349	820	476	281	203	135	66	35	20	12	11	7	5	2	2	1	0	2	1	3	0	1	0	0	1	0	1	0	1	1	2	2	0	0	0	1	0
7/5/2024	01:42:35.25  AM	10.00	4.004	4.095	49.601	1.564	4.095	632.257	4.095	302.920	0.000	95.704	0.000	0.000	201	131	81	66	50	29	16	9	15	5	8	10	9	16	22	34	43	64	97	107	165	197	185	229	303	290	226	218	151	116	92	50	30	17	33	64	74	156	193	276	331	312	335	362	402	489	481	456	700	1582	2233	1258	1440	1516	1679	1748	1736	1617	1554	1325	1182	2062	1397	886	528	329	192	133	74	40	21	16	10	9	3	5	4	5	6	9	6	3	3	2	2	0	1	2	3	5	1	0	1	3	2	2	2	0	1
7/5/2024	01:42:45.25  AM	10.00	3.938	4.095	49.638	1.562	4.095	632.214	4.095	302.862	0.000	95.709	0.000	0.000	188	128	75	58	35	26	22	16	16	9	7	9	18	16	19	38	48	68	74	116	149	185	211	220	310	284	259	177	160	131	105	66	40	18	35	59	93	140	185	293	318	316	310	337	410	417	435	447	666	1514	2232	1255	1355	1574	1748	1712	1720	1632	1542	1303	1196	1894	1399	830	477	295	192	101	80	42	17	10	6	5	3	2	1	2	2	1	4	0	1	0	2	1	0	0	0	0	0	0	1	0	0	1	0	0	2
7/5/2024	01:42:55.25  AM	10.00	3.946	4.095	49.609	1.564	4.095	632.167	4.095	302.821	0.000	95.696	0.000	0.000	212	153	102	68	49	19	21	11	10	7	4	11	15	13	20	24	40	50	85	101	164	190	196	223	282	269	235	187	149	106	71	52	37	20	38	62	117	185	275	327	310	338	328	372	434	460	445	407	655	1478	2211	1192	1349	1560	1695	1744	1689	1618	1460	1339	1213	1970	1388	777	467	332	199	127	77	34	16	17	5	9	3	2	2	2	4	1	1	5	0	0	0	3	1	1	0	3	0	0	1	0	1	1	1	0	0
7/5/2024	01:43:05.25  AM	10.00	3.904	4.095	49.638	1.564	4.095	632.030	4.095	302.831	0.000	95.705	0.000	0.000	225	174	92	75	53	39	15	12	14	9	8	5	12	14	28	26	43	69	78	153	168	211	225	210	269	286	222	199	150	108	88	49	30	20	35	61	110	158	232	333	348	333	347	374	415	512	474	437	728	1466	2224	1207	1365	1523	1749	1772	1705	1621	1505	1328	1147	1971	1373	831	495	276	201	112	71	42	23	7	8	2	3	1	1	2	2	2	1	3	3	1	1	2	2	0	2	3	1	2	3	1	0	0	1	1	0
7/5/2024	01:43:15.25  AM	10.00	3.806	4.095	49.648	1.562	4.095	631.992	4.095	302.861	0.000	95.708	0.000	0.000	210	141	80	44	20	22	12	16	9	7	5	11	14	13	19	36	49	68	90	142	149	173	226	216	294	308	235	182	144	124	82	61	35	23	32	45	82	115	185	253	317	295	293	334	399	397	416	413	637	1597	2124	1307	1390	1624	1779	1740	1699	1560	1420	1336	1065	1881	1352	816	434	302	171	112	65	35	9	9	7	3	2	3	3	1	0	2	3	1	0	1	1	0	1	2	0	0	0	0	2	0	1	1	0	1	1
7/5/2024	01:43:25.25  AM	10.00	3.890	4.095	49.636	1.561	4.095	631.873	4.095	302.928	0.000	95.702	0.000	0.000	220	131	80	54	33	28	19	13	15	9	8	9	10	23	22	34	41	55	80	129	138	190	226	227	286	319	225	192	170	133	96	62	30	18	31	65	98	140	221	287	329	313	326	350	443	464	432	410	719	1477	2181	1164	1384	1592	1653	1733	1699	1569	1443	1285	1219	1863	1307	859	478	327	201	125	60	32	12	18	6	5	4	1	1	5	2	0	3	0	1	0	0	0	1	0	0	0	0	1	0	2	2	0	0	1	0
7/5/2024	01:43:35.25  AM	10.00	3.854	4.095	49.641	1.562	4.095	631.882	4.095	302.928	0.000	95.703	0.000	0.000	231	149	95	58	25	24	13	10	11	7	10	12	12	14	26	34	38	52	85	98	162	196	203	242	269	300	267	191	139	104	83	47	34	23	35	49	92	150	203	270	345	367	328	365	371	448	499	429	635	1535	2135	1201	1342	1568	1706	1696	1639	1646	1394	1258	1119	1987	1373	825	515	273	181	117	65	34	10	14	7	2	4	3	0	1	0	2	1	0	0	1	0	1	0	1	1	0	0	0	1	1	0	0	1	1	0
