Date	Time	Accum.	Scatter	Current	Sample	Ref.	Temp.	Sheath	Diff.	Box	Purge	Pres.	Aux.	Flow	90.00	94.39	98.99	103.81	108.87	114.17	119.74	125.57	131.69	138.11	144.84	151.90	159.30	167.06	175.20	183.74	192.69	202.09	211.93	222.26	233.09	244.45	256.36	268.86	281.96	295.70	310.11	325.22	341.07	357.69	375.12	393.40	412.57	432.67	453.76	475.87	499.06	523.38	548.89	575.63	603.69	633.10	663.96	696.31	730.24	765.83	803.15	842.29	883.33	926.38	971.52	1018.87	1068.52	1120.59	1175.20	1232.46	1292.52	1355.51	1421.57	1490.84	1563.49	1639.68	1719.59	1803.38	1891.27	1983.43	2080.08	2181.45	2287.75	2399.24	2516.16	2638.77	2767.36	2902.22	3043.65	3191.97	3347.52	3510.65	3681.73	3861.14	4049.30	4246.63	4453.57	4670.60	4898.20	5136.90	5387.23	5649.75	5925.07	6213.81	6516.61	6834.18	7167.22	7516.48	7882.77	8266.91	8669.77	9092.25	9535.33
-	-	Secs	Volts	Volts	sccm	Volts	Volts	sccm	Volts	K	sccm	kPa	Volts	sccm	94.39	98.99	103.81	108.87	114.17	119.74	125.57	131.69	138.11	144.84	151.90	159.30	167.06	175.20	183.74	192.69	202.09	211.93	222.26	233.09	244.45	256.36	268.86	281.96	295.70	310.11	325.22	341.07	357.69	375.12	393.40	412.57	432.67	453.76	475.87	499.06	523.38	548.89	575.63	603.69	633.10	663.96	696.31	730.24	765.83	803.15	842.29	883.33	926.38	971.52	1018.87	1068.52	1120.59	1175.20	1232.46	1292.52	1355.51	1421.57	1490.84	1563.49	1639.68	1719.59	1803.38	1891.27	1983.43	2080.08	2181.45	2287.75	2399.24	2516.16	2638.77	2767.36	2902.22	3043.65	3191.97	3347.52	3510.65	3681.73	3861.14	4049.30	4246.63	4453.57	4670.60	4898.20	5136.90	5387.23	5649.75	5925.07	6213.81	6516.61	6834.18	7167.22	7516.48	7882.77	8266.91	8669.77	9092.25	9535.33	10000.00
7/4/2024	05:31:43.71  PM	10.00	3.943	4.054	49.142	1.644	4.054	626.655	4.054	300.797	0.000	94.354	0.000	0.000	114	94	103	82	69	58	67	54	58	31	31	36	39	25	29	19	29	21	19	14	35	52	132	423	1971	5233	7707	8074	8825	9318	6030	3060	1323	728	600	503	372	306	256	196	153	121	84	67	46	31	20	21	14	14	5	2	0	2	2	3	1	0	0	0	0	1	1	0	0	0	0	0	0	0	0	0	0	0	0	0	0	0	0	0	0	0	0	0	0	0	0	0	0	0	0	0	0	0	0	0	0	0	0
7/4/2024	05:31:53.71  PM	10.00	3.915	4.095	49.634	1.657	4.095	632.874	4.095	303.594	0.000	95.302	0.000	0.000	113	102	79	73	71	56	84	64	76	39	26	40	32	23	33	28	21	18	19	17	20	45	127	363	1975	5317	7560	7941	8548	8871	5967	3009	1311	695	604	460	373	313	237	187	132	104	85	50	35	27	20	9	14	7	6	0	1	3	1	0	0	0	1	1	1	0	2	0	0	0	0	0	0	0	0	0	0	0	0	0	0	0	0	0	0	0	0	0	0	0	0	0	0	0	0	0	0	0	0	0	0	0	0
7/4/2024	05:32:03.71  PM	10.00	3.969	4.095	49.626	1.660	4.095	632.713	4.095	303.375	0.000	95.297	0.000	0.000	84	83	82	65	73	69	56	54	73	47	27	34	29	29	25	30	28	24	20	14	23	37	101	392	1878	5343	7789	8020	8480	9024	6200	3050	1252	653	563	461	382	299	254	184	136	111	83	53	50	28	24	14	18	17	8	4	1	3	0	0	0	0	0	0	0	0	0	1	0	1	0	0	0	0	0	0	0	0	0	0	0	0	0	0	0	0	0	0	0	0	0	0	0	0	0	0	0	0	0	0	0	0	0
7/4/2024	05:32:13.71  PM	10.00	3.996	4.095	49.626	1.652	4.095	632.656	4.095	303.231	0.000	95.302	0.000	0.000	107	102	80	64	69	66	60	57	79	58	34	35	32	25	35	19	27	32	19	13	24	37	132	391	1831	5463	7827	8193	9055	9411	6379	3224	1377	781	596	498	408	288	252	186	141	102	78	66	34	37	28	14	16	12	7	5	2	3	3	0	0	1	1	0	0	0	0	0	0	0	0	0	0	0	0	0	0	1	0	0	0	0	0	0	0	0	0	0	0	0	0	0	1	0	0	0	0	0	0	0	0	0	0
7/4/2024	05:32:23.71  PM	10.00	3.958	4.095	49.626	1.664	4.095	632.732	4.095	303.146	0.000	95.306	0.000	0.000	127	103	69	63	67	60	72	73	73	43	22	29	29	18	27	29	24	27	22	19	19	32	109	410	1926	5487	7880	8198	8884	9227	6142	3049	1335	767	614	505	402	309	250	195	133	108	87	59	50	28	27	20	19	9	4	1	1	1	1	1	1	1	1	0	0	1	0	3	0	0	1	0	0	0	0	0	0	0	0	0	0	0	0	0	0	0	0	0	0	0	0	0	0	0	0	0	0	0	0	0	0	0	0
7/4/2024	05:32:33.71  PM	10.00	3.956	4.095	49.641	1.666	4.095	632.604	4.095	303.125	0.000	95.311	0.000	0.000	135	100	101	80	67	66	82	62	69	44	24	25	38	27	21	27	30	22	21	27	26	42	106	437	1926	5492	7963	8472	9026	9102	6028	3075	1220	726	556	483	391	308	264	166	133	97	75	57	50	30	21	20	16	10	2	1	3	0	1	1	0	0	0	0	0	1	1	0	0	0	0	0	0	0	0	0	0	0	0	0	0	0	0	0	0	0	0	0	0	0	0	0	0	0	0	0	0	0	0	0	0	0	0
7/4/2024	05:32:43.71  PM	10.00	4.038	4.095	49.637	1.664	4.095	632.518	4.095	303.081	0.000	95.301	0.000	0.000	97	91	71	83	69	69	72	73	74	48	29	27	30	19	26	27	29	26	18	13	27	35	114	388	1677	5192	7563	7918	8931	9255	6171	3174	1439	807	622	528	372	318	251	174	134	99	89	61	50	28	24	20	19	6	10	2	1	3	0	2	1	1	0	1	0	1	0	0	0	1	0	1	0	0	0	0	0	0	0	0	0	0	0	0	0	0	0	0	0	0	0	0	0	0	0	0	0	0	0	0	0	0	0
7/4/2024	05:32:53.71  PM	10.00	3.994	4.095	49.621	1.660	4.095	632.414	4.095	303.034	0.000	95.299	0.000	0.000	95	82	70	77	57	55	67	60	63	60	40	35	32	31	23	20	35	32	27	21	27	46	116	450	2127	5765	8485	8656	9050	9634	6058	3064	1267	672	568	465	375	257	237	152	140	106	83	56	41	33	22	24	12	10	6	4	0	1	0	0	1	0	2	1	0	0	1	0	1	1	0	0	0	0	0	0	0	0	0	0	0	0	0	0	0	0	0	0	0	0	0	0	0	0	0	0	0	0	0	0	0	0	0
7/4/2024	05:33:03.71  PM	10.00	4.024	4.095	49.642	1.658	4.095	632.328	4.095	303.036	0.000	95.302	0.000	0.000	95	101	75	66	62	63	65	69	85	65	24	35	41	31	27	24	29	34	27	21	17	35	135	454	2017	5590	8383	8391	9065	9382	6206	3028	1294	731	600	482	398	333	241	191	140	95	76	53	44	42	23	16	19	11	7	1	1	0	1	2	0	0	1	1	0	1	0	0	1	1	0	0	0	0	0	0	0	0	0	0	0	0	0	0	0	0	0	0	0	0	0	0	0	0	0	0	0	0	0	0	0	0	0
7/4/2024	05:33:13.71  PM	10.00	4.019	4.095	49.609	1.661	4.095	632.343	4.095	303.087	0.000	95.301	0.000	0.000	94	78	73	53	50	67	60	63	76	38	22	31	27	28	30	31	30	23	20	22	25	35	129	435	1983	5592	8338	8488	9030	9335	6197	3127	1326	706	601	464	405	291	239	185	139	115	83	62	40	35	32	24	12	10	7	3	0	0	1	0	0	1	1	1	0	0	0	0	0	0	0	0	0	0	0	0	0	0	0	0	0	0	0	0	0	0	0	0	0	0	0	0	0	0	0	0	0	0	0	0	0	0	0
7/4/2024	05:33:23.71  PM	10.00	4.042	4.095	49.623	1.664	4.095	632.324	4.095	303.125	0.000	95.300	0.000	0.000	109	99	95	74	56	62	63	70	68	57	32	35	31	30	30	23	27	20	21	25	23	52	111	386	2005	5438	8261	8495	8980	9482	6184	3113	1296	686	595	459	366	341	235	186	151	91	95	62	47	32	24	15	17	11	0	2	0	1	0	0	2	1	0	0	1	2	1	1	0	0	0	0	0	0	0	0	0	0	0	0	0	0	0	0	0	0	0	0	0	0	0	0	0	0	0	0	0	0	0	0	0	0	0
