Date	Time	Accum.	Scatter	Current	Sample	Ref.	Temp.	Sheath	Diff.	Box	Purge	Pres.	Aux.	Flow	90.00	94.39	98.99	103.81	108.87	114.17	119.74	125.57	131.69	138.11	144.84	151.90	159.30	167.06	175.20	183.74	192.69	202.09	211.93	222.26	233.09	244.45	256.36	268.86	281.96	295.70	310.11	325.22	341.07	357.69	375.12	393.40	412.57	432.67	453.76	475.87	499.06	523.38	548.89	575.63	603.69	633.10	663.96	696.31	730.24	765.83	803.15	842.29	883.33	926.38	971.52	1018.87	1068.52	1120.59	1175.20	1232.46	1292.52	1355.51	1421.57	1490.84	1563.49	1639.68	1719.59	1803.38	1891.27	1983.43	2080.08	2181.45	2287.75	2399.24	2516.16	2638.77	2767.36	2902.22	3043.65	3191.97	3347.52	3510.65	3681.73	3861.14	4049.30	4246.63	4453.57	4670.60	4898.20	5136.90	5387.23	5649.75	5925.07	6213.81	6516.61	6834.18	7167.22	7516.48	7882.77	8266.91	8669.77	9092.25	9535.33
-	-	Secs	Volts	Volts	sccm	Volts	Volts	sccm	Volts	K	sccm	kPa	Volts	sccm	94.39	98.99	103.81	108.87	114.17	119.74	125.57	131.69	138.11	144.84	151.90	159.30	167.06	175.20	183.74	192.69	202.09	211.93	222.26	233.09	244.45	256.36	268.86	281.96	295.70	310.11	325.22	341.07	357.69	375.12	393.40	412.57	432.67	453.76	475.87	499.06	523.38	548.89	575.63	603.69	633.10	663.96	696.31	730.24	765.83	803.15	842.29	883.33	926.38	971.52	1018.87	1068.52	1120.59	1175.20	1232.46	1292.52	1355.51	1421.57	1490.84	1563.49	1639.68	1719.59	1803.38	1891.27	1983.43	2080.08	2181.45	2287.75	2399.24	2516.16	2638.77	2767.36	2902.22	3043.65	3191.97	3347.52	3510.65	3681.73	3861.14	4049.30	4246.63	4453.57	4670.60	4898.20	5136.90	5387.23	5649.75	5925.07	6213.81	6516.61	6834.18	7167.22	7516.48	7882.77	8266.91	8669.77	9092.25	9535.33	10000.00
7/4/2024	08:24:55.70  PM	10.00	4.054	4.054	49.146	1.568	4.054	626.285	4.054	300.098	0.000	94.406	0.000	0.000	182	133	108	69	49	41	50	31	39	26	12	16	25	23	33	28	25	25	18	22	23	22	17	22	22	14	17	13	30	24	38	247	581	761	1248	1922	2854	3889	4927	5911	5829	4844	3269	2293	1807	1410	1172	862	885	703	370	102	99	86	63	68	41	51	44	39	33	49	35	40	22	14	7	3	5	1	5	0	1	0	0	0	0	0	0	0	0	1	0	0	0	0	0	0	0	0	0	0	0	0	0	0	0	0	0
7/4/2024	08:25:05.70  PM	10.00	4.095	4.095	49.637	1.583	4.095	632.466	4.095	302.998	0.000	95.361	0.000	0.000	191	180	113	85	62	47	37	39	46	25	16	19	26	35	31	33	30	29	24	20	24	28	25	19	20	16	16	21	24	27	49	257	503	679	1204	1796	2656	3755	4765	5748	5750	4801	3406	2330	1862	1443	1173	850	866	723	392	110	88	80	76	67	56	40	54	34	40	45	45	26	18	10	7	11	2	4	5	0	0	0	0	0	1	1	0	0	0	0	1	0	0	0	0	0	0	0	0	0	0	0	0	0	0	0	0
7/4/2024	08:25:15.70  PM	10.00	4.084	4.095	49.615	1.581	4.095	632.513	4.095	302.953	0.000	95.351	0.000	0.000	203	121	129	68	46	46	36	45	35	20	26	22	28	33	35	36	24	23	18	18	21	28	19	14	23	12	16	20	22	14	52	251	509	685	1155	1794	2623	3745	4824	5809	5743	4686	3332	2370	1789	1504	1160	885	881	668	351	109	78	84	52	54	48	53	57	37	34	55	37	32	26	15	8	8	3	3	2	3	0	2	1	0	1	1	0	0	1	0	0	1	1	0	0	0	0	0	0	0	0	0	0	1	0	1	0
7/4/2024	08:25:25.70  PM	10.00	4.095	4.095	49.625	1.577	4.095	632.518	4.095	302.842	0.000	95.358	0.000	0.000	188	160	111	74	67	45	31	39	44	27	16	28	24	35	30	33	34	31	24	28	12	15	20	14	18	20	14	19	16	20	62	228	492	727	1137	1871	2651	3741	4890	5707	5750	4549	3290	2392	1758	1374	1082	910	805	699	370	122	104	74	79	68	61	40	33	32	26	58	41	33	18	15	17	11	7	6	2	3	2	2	1	0	2	1	0	0	0	0	0	0	0	0	0	0	0	0	0	0	1	0	0	0	0	0	0
7/4/2024	08:25:35.70  PM	10.00	4.072	4.095	49.616	1.574	4.095	632.532	4.095	302.817	0.000	95.356	0.000	0.000	181	136	93	63	39	40	40	39	30	38	21	31	28	24	29	18	26	21	23	14	25	29	14	17	26	18	24	23	21	28	45	248	516	757	1155	1874	2797	3839	4909	5807	5918	4728	3409	2370	1748	1458	1124	899	837	704	348	117	91	89	69	63	54	64	42	41	31	58	42	36	16	12	8	8	5	6	3	3	1	1	2	0	0	0	0	0	0	0	0	0	0	0	1	0	0	0	0	0	0	0	0	0	0	0	0
7/4/2024	08:25:45.70  PM	10.00	4.094	4.095	49.636	1.567	4.095	632.485	4.095	302.928	0.000	95.362	0.000	0.000	156	136	76	63	42	44	29	39	32	30	12	21	23	25	20	36	16	29	14	30	23	21	28	21	20	13	22	10	22	13	56	266	505	700	1240	1910	2818	4009	5102	5927	5816	4906	3299	2277	1791	1430	1135	884	855	720	370	116	86	67	54	69	52	46	38	43	33	49	31	24	23	17	15	4	2	4	3	1	0	1	1	0	1	0	0	0	0	0	0	1	0	0	0	0	0	0	0	0	0	0	0	0	0	0	0
7/4/2024	08:25:55.70  PM	10.00	4.095	4.095	49.636	1.569	4.095	632.585	4.095	303.097	0.000	95.356	0.000	0.000	173	142	84	70	57	37	45	34	27	26	20	21	19	23	36	22	26	26	27	38	23	23	16	23	21	13	14	17	20	26	41	250	514	714	1124	1704	2660	3757	4851	5834	5707	4899	3553	2285	1844	1457	1183	889	832	751	397	120	91	80	71	73	44	61	32	36	30	52	40	29	21	15	7	4	6	7	2	1	0	1	0	0	0	0	1	0	0	0	0	0	0	0	0	0	0	0	0	0	0	0	0	0	0	0	0
7/4/2024	08:26:05.70  PM	10.00	4.091	4.095	49.628	1.570	4.095	632.433	4.095	303.107	0.000	95.360	0.000	0.000	177	137	111	78	58	46	43	42	40	27	21	17	14	33	36	37	24	24	22	30	24	27	17	9	23	28	24	15	24	20	44	205	421	661	1132	1653	2562	3538	4642	5581	5695	4892	3377	2382	1789	1362	1147	901	850	724	409	116	100	111	77	60	57	59	34	34	28	53	51	28	36	11	10	7	4	3	1	1	0	1	3	0	0	0	0	0	0	1	0	0	0	0	0	0	0	0	0	0	0	0	0	0	0	1	0
7/4/2024	08:26:15.70  PM	10.00	4.094	4.095	49.639	1.573	4.095	632.751	4.095	303.060	0.000	95.360	0.000	0.000	183	149	112	85	49	44	39	48	37	27	15	26	24	32	38	28	28	22	26	28	37	17	19	23	21	20	13	19	8	27	46	174	407	626	1025	1577	2469	3427	4536	5542	5899	5053	3707	2480	1864	1452	1196	904	897	790	402	139	95	85	78	59	57	50	37	35	25	49	59	32	17	15	6	4	5	5	2	2	3	0	0	0	1	1	0	0	0	0	0	0	0	0	0	0	0	0	0	1	0	0	0	2	1	0	0
7/4/2024	08:26:25.70  PM	10.00	4.095	4.095	49.635	1.576	4.095	632.684	4.095	302.906	0.000	95.365	0.000	0.000	208	163	107	77	63	42	54	48	43	29	21	21	22	22	38	25	36	24	28	23	22	24	26	17	18	19	18	20	20	24	59	206	383	584	980	1578	2506	3507	4566	5526	5883	5117	3700	2481	1872	1472	1232	942	886	676	398	139	103	80	65	63	61	55	49	38	29	69	31	33	22	21	16	10	4	1	2	1	2	0	1	0	1	1	0	0	1	0	0	0	0	0	0	1	1	0	0	0	0	1	0	0	0	0	0
7/4/2024	08:26:35.70  PM	10.00	4.095	4.095	49.636	1.581	4.095	632.746	4.095	302.814	0.000	95.363	0.000	0.000	182	143	96	93	50	38	51	40	44	26	18	26	31	36	40	21	22	16	26	21	22	25	20	24	18	12	15	21	17	25	40	193	406	589	1068	1559	2345	3436	4570	5391	5797	5053	3730	2506	1917	1493	1242	935	872	741	407	118	97	96	100	55	57	40	52	34	25	65	52	29	22	14	10	9	4	4	4	0	2	0	1	0	0	0	0	0	1	0	0	0	0	0	0	1	0	0	0	0	0	0	0	0	0	0	0
